    0.230346672779263554E+04    0.354421540403624746E+01   -0.302927158872320801E+00    0.623131278044025239E+00    0.104989182764039457E+01    0.299969727037839418E+01   -0.410593649400005063E+02   -0.168830121811668548E+02   -0.201881045382973798E+04
    0.230488487116048327E+04    0.345926907680928064E+01   -0.303384143228051850E+00    0.620387270524293655E+00    0.104989044271729925E+01    0.299960387242972004E+01   -0.358227176436869641E+02   -0.113193011412668909E+02   -0.201739936661315323E+04
    0.230493610428982902E+04    0.350691446932182016E+01   -0.303132514279165655E+00    0.619170070138417294E+00    0.104953688713939308E+01    0.299985275716877542E+01   -0.441333483230856416E+02   -0.449539592195841351E+02   -0.201728691116049777E+04
    0.230628170828219754E+04    0.347453653291378961E+01   -0.303883453006630777E+00    0.631343982019998862E+00    0.104992361366033404E+01    0.299752342838870067E+01    0.347343343094095474E+02   -0.331674149274848418E+01   -0.201663009047559558E+04
    0.230458502463719924E+04    0.350280996857989813E+01   -0.304372104015514566E+00    0.626635202431541583E+00    0.104985950869614642E+01    0.299869142094932473E+01   -0.229811982062008759E+02   -0.380598785248832172E+01   -0.201631820705993846E+04
    0.230337599556292844E+04    0.348999488233311173E+01   -0.301840370606340391E+00    0.630175277302415959E+00    0.104999134982597297E+01    0.299975053849877993E+01    0.515770764094107648E+01   -0.112325348305436137E+02   -0.201555603880025706E+04
    0.230560381388830410E+04    0.352070929856312720E+01   -0.300154819873582779E+00    0.629422810476046202E+00    0.104990961143926564E+01    0.299974186355351602E+01   -0.355291301516370197E+02    0.242221556002914298E+02   -0.201554526143594785E+04
    0.230550772300837389E+04    0.351340759859916663E+01   -0.299598276969100685E+00    0.618039561576595231E+00    0.104994272790751997E+01    0.299878571202425093E+01   -0.300110545595358609E+02    0.399962496977271513E+02   -0.201547304378864419E+04
    0.230522975872207735E+04    0.345739789414112364E+01   -0.300099622336078453E+00    0.625754868981350909E+00    0.104979260204082703E+01    0.299824518614658597E+01   -0.449089055434835913E+02    0.291152910444601218E+02   -0.201514736273578660E+04
    0.230475469007532001E+04    0.347477121462914829E+01   -0.301737372243150559E+00    0.632712816112377840E+00    0.104992798834246925E+01    0.299797714828899942E+01    0.402789924606913274E+01    0.365269445889188376E+02   -0.201512604475362127E+04
    0.230508684529214679E+04    0.350539514727135071E+01   -0.301262769875727754E+00    0.621106224707715260E+00    0.104963575623711147E+01    0.299890571164887731E+01    0.116282262205521505E+02    0.265977912524412119E+01   -0.201511006857873554E+04
    0.230585667090993229E+04    0.348718213023371426E+01   -0.301224187384394992E+00    0.621509767502720134E+00    0.104981426435973035E+01    0.299838710266872077E+01    0.243508233796464282E+02   -0.468972383318212849E+01   -0.201509485005388456E+04
    0.230528062979310016E+04    0.351773025931782879E+01   -0.300076864415500466E+00    0.617828619328133044E+00    0.104969276004579526E+01    0.299881268380349875E+01    0.288951929351662073E+02    0.407213024078731678E+01   -0.201497239866266113E+04
    0.230565448195206955E+04    0.348964132436080554E+01   -0.306618424967957881E+00    0.627758972559792627E+00    0.104999300655697536E+01    0.299973921840148439E+01   -0.482797683778971063E+02    0.409319590334337988E+02   -0.201483264616722022E+04
    0.230641364155092606E+04    0.341056767015455797E+01   -0.301003066483309767E+00    0.640573124195711108E+00    0.104997527698888260E+01    0.299850430368113896E+01   -0.201346175367844147E+02    0.320089611416885589E+02   -0.201480486645948895E+04
    0.230393787931872157E+04    0.348100409353720419E+01   -0.302118286822701587E+00    0.632457084799864067E+00    0.104985815973131991E+01    0.299978678628596551E+01    0.463013602794890033E+02   -0.444579623327380773E+02   -0.201478894394889994E+04
    0.230518476648522619E+04    0.344179889606907530E+01   -0.300611755905565992E+00    0.640808686232639646E+00    0.104979443324002597E+01    0.299948470122797373E+01   -0.110368118203869372E+02   -0.339960907997146791E+02   -0.201468803300612467E+04
    0.230534337715444644E+04    0.348080962902389324E+01   -0.303139142076087276E+00    0.620587866344447514E+00    0.104988381450633761E+01    0.299933793568840468E+01   -0.408052071070750983E+02    0.222511345745016911E+02   -0.201467188819353328E+04
    0.230502973779597005E+04    0.351049181247237829E+01   -0.304871929342263093E+00    0.627515923641199014E+00    0.104994030504533753E+01    0.299883484924434063E+01    0.638267479447301866E+01    0.472779113170722241E+02   -0.201464804330615289E+04
    0.230513826622679926E+04    0.349984218790894719E+01   -0.300523141955675310E+00    0.614016318843162656E+00    0.104996084624927111E+01    0.299979169018944836E+01    0.385932212667411534E+01   -0.898971831210927519E+01   -0.201463855143475303E+04
    0.230519428789134690E+04    0.344885585600111888E+01   -0.299751745995647800E+00    0.640781922636430523E+00    0.104987706457786456E+01    0.299969328483011832E+01    0.615912414979092659E+01    0.238542095511156020E+02   -0.201441172505564464E+04
    0.230591780187500126E+04    0.348881407942094146E+01   -0.301576167934069495E+00    0.630153883689660743E+00    0.104981945155176004E+01    0.299924376277526905E+01    0.614468977635675628E+01    0.198323493622595066E+02   -0.201436945965807263E+04
    0.230474422848538461E+04    0.348547887966533576E+01   -0.301551989207098636E+00    0.637661680600663860E+00    0.104996738569332337E+01    0.299844891063426733E+01    0.316727178206497939E+02   -0.417351157487183855E+02   -0.201435916716630709E+04
    0.230514458008905603E+04    0.348765254087730447E+01   -0.301497709248683354E+00    0.619036682694689588E+00    0.104977542745166175E+01    0.299955751272039395E+01   -0.251907348267942055E+02    0.190936119636327817E+02   -0.201434124445857583E+04
    0.230493146777472566E+04    0.347285428122358963E+01   -0.303674918044308240E+00    0.634544944878972728E+00    0.104990935733531954E+01    0.299911237049745738E+01   -0.116884617199996228E+02    0.228963810594419925E+02   -0.201431231692260303E+04
    0.230568039910519610E+04    0.346101613349150394E+01   -0.304368201574478248E+00    0.626131512116474442E+00    0.104992677006878843E+01    0.299975430923491659E+01    0.277910727122386731E+02   -0.371826571659983784E+02   -0.201430906330663265E+04
    0.230445557189365309E+04    0.347810437578371934E+01   -0.302402510371247990E+00    0.633310567520021461E+00    0.104976355723246972E+01    0.299990182114290604E+01    0.324196664334867535E+02   -0.252866281869812077E+02   -0.201428732067519650E+04
    0.230526627264797935E+04    0.349556013984537284E+01   -0.305161604224178096E+00    0.624734838894104749E+00    0.104982490692209596E+01    0.299985125358378379E+01   -0.192826302959349007E+02    0.332419519764793421E+02   -0.201424727103761279E+04
    0.230537595723384584E+04    0.343826154433698683E+01   -0.300502935564537721E+00    0.640269898350233735E+00    0.104987295945062908E+01    0.299874303697116007E+01    0.317084586635291288E+02    0.346181428311255246E+02   -0.201384367114589963E+04
    0.230624252529497107E+04    0.346398794020138112E+01   -0.301737924976783867E+00    0.629678032622085437E+00    0.104999480502317288E+01    0.299717965075115700E+01    0.474377977346593696E+02    0.360837136966850665E+02   -0.201374090330144691E+04
    0.230524754922570173E+04    0.348608526906980032E+01   -0.302731603671549054E+00    0.627760818638180895E+00    0.104975768642755618E+01    0.299920407244557463E+01   -0.704052093014129099E+01   -0.423068492575694819E+02   -0.201368171709528610E+04
    0.230511769083823856E+04    0.352238131230065221E+01   -0.303395032893745198E+00    0.622847654963764485E+00    0.104994151610751496E+01    0.299916285874466482E+01    0.390917050992674291E+02    0.190767239305279475E+02   -0.201351337013611192E+04
    0.230491684250203343E+04    0.345743764811081489E+01   -0.300779966953329314E+00    0.628649390803525776E+00    0.104990093170629106E+01    0.299845054062103245E+01   -0.461314065797601174E+02   -0.301400828778259005E+02   -0.201345277454380857E+04
    0.230528549317490160E+04    0.341181035847464287E+01   -0.301293134855517286E+00    0.637113305821264908E+00    0.104984888685348410E+01    0.299960591004504984E+01   -0.390667590201242092E+02    0.473470466554931022E+02   -0.201337949804374375E+04
    0.230384341348268299E+04    0.350915712054841933E+01   -0.300951488200856543E+00    0.622313062446714915E+00    0.104978006395791690E+01    0.299991885803049918E+01    0.437300194513159113E+02    0.174991214859854267E+02   -0.201326677089393888E+04
    0.230407172694595829E+04    0.350867720792325244E+01   -0.300650829615232429E+00    0.619086313696979529E+00    0.104973825880979521E+01    0.299997909310054744E+01   -0.203105635443695931E+02    0.396397075466055782E+02   -0.201326658584860456E+04
    0.230552082964471037E+04    0.344566381751893491E+01   -0.302187339379813347E+00    0.634020932170096252E+00    0.104982665765254013E+01    0.299959817203838952E+01   -0.120496652607463446E+02    0.271878852109443869E+02   -0.201318470947027186E+04
    0.230443096587621585E+04    0.345487232735458694E+01   -0.301729681055616039E+00    0.635448305816507797E+00    0.104996598683090636E+01    0.299924565787622921E+01   -0.348949542400821713E+02    0.383281336953228191E+02   -0.201302361834917542E+04
    0.230513476027636443E+04    0.347986789996230517E+01   -0.302479303916920184E+00    0.622438091469172061E+00    0.104988792598476977E+01    0.299927832657343041E+01    0.207631291573222683E+02    0.397216888713425362E+02   -0.201298804617164615E+04
    0.230459238763591929E+04    0.347742319773217323E+01   -0.302085997638678161E+00    0.634993422183568468E+00    0.104987132698950814E+01    0.299952468447163501E+01   -0.462125417123192506E+02    0.333981680885340495E+02   -0.201298331215112171E+04
    0.230493234384313291E+04    0.349945515609827584E+01   -0.304458464139119533E+00    0.632395522011455102E+00    0.104995583749955212E+01    0.299955068348671183E+01    0.154123749658557188E+02    0.360653530706565846E+02   -0.201290703558607038E+04
    0.230533049212804690E+04    0.348178302832244224E+01   -0.299920251309162278E+00    0.631155325389228139E+00    0.104989364328466284E+01    0.299762329376113223E+01    0.439095976412076539E+02    0.165936073136906117E+02   -0.201281904812271478E+04
    0.230515762120226464E+04    0.350775333857654559E+01   -0.300704189679404765E+00    0.629358642443015093E+00    0.104973615610449333E+01    0.299948314207844957E+01    0.383963260585042718E+02   -0.491345824284060839E+02   -0.201281791127411498E+04
    0.230554334949471377E+04    0.348821115210725274E+01   -0.302271446024925228E+00    0.622608447847059376E+00    0.104987564736206407E+01    0.299969097379584770E+01    0.918574449658926540E+01   -0.285119988835521276E+02   -0.201279020725480655E+04
    0.230576231333580063E+04    0.346332689225546275E+01   -0.301669968643689779E+00    0.629340669047083634E+00    0.104986850518762953E+01    0.299880416709866227E+01    0.368142236935864702E+02    0.401295496353506849E+02   -0.201278323627118039E+04
    0.230537940035934798E+04    0.351664291071985158E+01   -0.302733827213838624E+00    0.622221026350861850E+00    0.104996857288168433E+01    0.299940629454752727E+01    0.353955453176099297E+02    0.783545489590201782E+01   -0.201276357644594418E+04
    0.230504750758093633E+04    0.350126593378326367E+01   -0.304021411790001472E+00    0.626313856099484756E+00    0.104996953955489181E+01    0.299853652698781170E+01    0.394699801950352764E+02   -0.183081091368069089E+02   -0.201274437273065746E+04
    0.230531362828162673E+04    0.346391355806910539E+01   -0.300067512252644608E+00    0.628390890298282212E+00    0.104972947244110237E+01    0.299895699298831353E+01    0.211936384125324793E+02   -0.819940827562968622E+01   -0.201261682736974262E+04
    0.230613763116123209E+04    0.344114004573659837E+01   -0.300590622340145330E+00    0.630580254889994363E+00    0.104996080647443057E+01    0.299851601943712076E+01   -0.339662360407741204E+01   -0.178664106460638763E+02   -0.201259007115540976E+04
    0.230574413340774663E+04    0.344218451479827703E+01   -0.300639164468893494E+00    0.637449572766578099E+00    0.104987443991017360E+01    0.299923795043753350E+01   -0.956786324667648103E+01   -0.345603718039460261E+01   -0.201253173409201395E+04
    0.230580719547318449E+04    0.348010420681239374E+01   -0.300663657588653599E+00    0.631183936043143490E+00    0.104983770005240329E+01    0.299921092422445357E+01   -0.998716432622433103E+01    0.268135992942032999E+02   -0.201249307503382238E+04
    0.230502058364422192E+04    0.352355467892241947E+01   -0.302961380801771929E+00    0.625522732793409864E+00    0.104998673839393897E+01    0.299953040834625284E+01    0.388047958960922301E+01   -0.130613459296821688E+02   -0.201247694527085673E+04
    0.230450093510093529E+04    0.351165200707857217E+01   -0.303292463285207037E+00    0.628390834213297333E+00    0.104989774111176026E+01    0.299981646552125136E+01   -0.194778348920616189E+02   -0.241643789279739742E+02   -0.201241192193918937E+04
    0.230542644266095886E+04    0.350481295518782199E+01   -0.301877346770755395E+00    0.629894728606510634E+00    0.104989061584039911E+01    0.299961588442134497E+01    0.478464305848159199E+02    0.503124131480582548E+00   -0.201236198152103043E+04
    0.230571378156713854E+04    0.345749651979092487E+01   -0.300514656870720265E+00    0.638663341775460913E+00    0.104994513515329535E+01    0.299924181197418971E+01    0.164987401283494819E+02    0.458023228239392495E+02   -0.201225834091164302E+04
    0.230415427934856825E+04    0.345817850717132735E+01   -0.300165605451603201E+00    0.628601438191105144E+00    0.104999881571552334E+01    0.299923650076689619E+01   -0.399294236664106776E+02   -0.425288619782208741E+02   -0.201221742246870144E+04
    0.230415427934856825E+04    0.345817850717132735E+01   -0.300165605451603201E+00    0.628601438191105144E+00    0.104999881571552334E+01    0.299923650076689619E+01   -0.399294236664106776E+02   -0.425288619782208741E+02   -0.201221742246870144E+04
    0.230616122748502585E+04    0.344355987047894230E+01   -0.300449406302916666E+00    0.631826603907691631E+00    0.104996984195804965E+01    0.299834581245315812E+01   -0.164380621094574408E+02    0.561690528647468312E+01   -0.201217868400974044E+04
    0.230533301295892306E+04    0.349336337578993561E+01   -0.302607563868888929E+00    0.627045851609139726E+00    0.104981829712870978E+01    0.299968649029879542E+01   -0.324923374538090144E+02   -0.156268235166363922E+01   -0.201211878439824659E+04
    0.230550040699710553E+04    0.344399475894742668E+01   -0.299830037917425685E+00    0.635245959802255400E+00    0.104980231282691072E+01    0.299994926095968006E+01    0.459951250894361863E+02    0.117685766243203247E+02   -0.201208514677188987E+04
    0.230518237180339156E+04    0.346381056746454696E+01   -0.301848258011642445E+00    0.624892119425947690E+00    0.104998744010005596E+01    0.299886716917735141E+01   -0.264509015980294038E+01   -0.229871709485804061E+02   -0.201208394574419708E+04
    0.230501628235934641E+04    0.343450679381913915E+01   -0.300073765080590582E+00    0.641524835048650210E+00    0.104990985341761811E+01    0.299953089754676006E+01    0.439970298507008692E+02    0.231702087080726926E+02   -0.201197056245052681E+04
    0.230501628235934641E+04    0.343450679381913915E+01   -0.300073765080590582E+00    0.641524835048650210E+00    0.104990985341761811E+01    0.299953089754676006E+01    0.439970298507008692E+02    0.231702087080726926E+02   -0.201197056245052681E+04
    0.230575732004179144E+04    0.348322731993817625E+01   -0.300488462538031909E+00    0.633916958492761973E+00    0.104992385294525348E+01    0.299932689535049590E+01   -0.489282173782563490E+02   -0.449348026272593160E+01   -0.201195771607886923E+04
    0.230520872543592213E+04    0.349118908724018162E+01   -0.302568138909881601E+00    0.625153929070646264E+00    0.104990792835798752E+01    0.299877488584144647E+01   -0.314619366450020372E+02    0.455867271314263434E+02   -0.201194936092842318E+04
    0.230520872543592213E+04    0.349118908724018162E+01   -0.302568138909881601E+00    0.625153929070646264E+00    0.104990792835798752E+01    0.299877488584144647E+01   -0.314619366450020372E+02    0.455867271314263434E+02   -0.201194936092842318E+04
    0.230577812062664361E+04    0.345777626943790484E+01   -0.300036427434491604E+00    0.629056267374986877E+00    0.104981376201279164E+01    0.299988315880773593E+01   -0.355562683776328612E+02   -0.447355594976001214E+02   -0.201192078050067835E+04
    0.230577812062664361E+04    0.345777626943790484E+01   -0.300036427434491604E+00    0.629056267374986877E+00    0.104981376201279164E+01    0.299988315880773593E+01   -0.355562683776328612E+02   -0.447355594976001214E+02   -0.201192078050067835E+04
    0.230488809715822072E+04    0.349722841039625987E+01   -0.302230449609823149E+00    0.631399391963128442E+00    0.104983098750865667E+01    0.299961088371653917E+01   -0.126866011462356312E+02    0.324536667464421242E+02   -0.201185765390060851E+04
    0.230444256223291723E+04    0.347823844780918101E+01   -0.300680425781153560E+00    0.631350896716664556E+00    0.104976413046150863E+01    0.299976381436893735E+01   -0.179567575177415861E+02   -0.402449743582282906E+02   -0.201182493421567165E+04
    0.230548867893870738E+04    0.344125420350529332E+01   -0.301959908920448217E+00    0.634379668012657660E+00    0.104987600916577950E+01    0.299996096519255229E+01    0.465212681667082677E+02   -0.233763924080917853E+02   -0.201180982052117724E+04
    0.230439688882104929E+04    0.349687430811211009E+01   -0.303161202588084433E+00    0.630139644336157989E+00    0.104998765570854991E+01    0.299921310175623512E+01   -0.351028947311425270E+02    0.790900032626110772E+01   -0.201172000471243859E+04
    0.230486538697943797E+04    0.345380084562916867E+01   -0.302819135488164415E+00    0.629524387961505671E+00    0.104996571552457363E+01    0.299948174178350513E+01    0.359754942525944585E+02    0.153273856562842070E+01   -0.201171256794238047E+04
    0.230615649700312269E+04    0.344628028221793148E+01   -0.299896798029565537E+00    0.631063284385875667E+00    0.104997629446613439E+01    0.299921077047695439E+01   -0.170984813561630560E+02   -0.744701929956223552E+01   -0.201169735141122737E+04
    0.230447196709488981E+04    0.343858674444825807E+01   -0.300893722348974324E+00    0.637157674524876039E+00    0.104993145386345343E+01    0.299978806828351896E+01    0.492350456589221039E+02   -0.151341272143821257E+02   -0.201168901112816684E+04
    0.230447196709488981E+04    0.343858674444825807E+01   -0.300893722348974324E+00    0.637157674524876039E+00    0.104993145386345343E+01    0.299978806828351896E+01    0.492350456589221039E+02   -0.151341272143821257E+02   -0.201168901112816684E+04
    0.230373823039899617E+04    0.349171880254315070E+01   -0.301660431775010562E+00    0.625869055159989474E+00    0.104994905303077024E+01    0.299999563706668271E+01   -0.197076700729949437E+02   -0.410391602759956058E+02   -0.201167811423992248E+04
    0.230617143320159312E+04    0.342498581214860875E+01   -0.299794177020851427E+00    0.635700091001558443E+00    0.104998703991228548E+01    0.299989473265252959E+01    0.572930093132557516E+01    0.459298470504341765E+02   -0.201165909739215999E+04
    0.230617143320159312E+04    0.342498581214860875E+01   -0.299794177020851427E+00    0.635700091001558443E+00    0.104998703991228548E+01    0.299989473265252959E+01    0.572930093132557516E+01    0.459298470504341765E+02   -0.201165909739215999E+04
    0.230573247522964630E+04    0.345760540125338789E+01   -0.301281874632034097E+00    0.632846143616611512E+00    0.104997587214024102E+01    0.299804526339699473E+01    0.335016076357094477E+02   -0.417519089248188209E+02   -0.201164769995266693E+04
    0.230563378579731398E+04    0.349738520547317755E+01   -0.300938571917919229E+00    0.620898923426258520E+00    0.104998748143928999E+01    0.299929534480399296E+01   -0.439871311544595684E+02   -0.203098927670019691E+00   -0.201160858367092783E+04
    0.230563378579731398E+04    0.349738520547317755E+01   -0.300938571917919229E+00    0.620898923426258520E+00    0.104998748143928999E+01    0.299929534480399296E+01   -0.439871311544595684E+02   -0.203098927670019691E+00   -0.201160858367092783E+04
    0.230500355872998352E+04    0.349616223205183418E+01   -0.300061110655284013E+00    0.633404245842543956E+00    0.104986392359169067E+01    0.299840644146531776E+01   -0.271146758286282470E+02    0.175373786513825536E+02   -0.201159639979261624E+04
    0.230500355872998352E+04    0.349616223205183418E+01   -0.300061110655284013E+00    0.633404245842543956E+00    0.104986392359169067E+01    0.299840644146531776E+01   -0.271146758286282470E+02    0.175373786513825536E+02   -0.201159639979261624E+04
    0.230495341236154309E+04    0.350911126292521613E+01   -0.300223952641002323E+00    0.628411600111604352E+00    0.104978178652188192E+01    0.299907178358731707E+01   -0.328515667364842159E+02    0.462031895729257371E+02   -0.201156472958220729E+04
    0.230495341236154309E+04    0.350911126292521613E+01   -0.300223952641002323E+00    0.628411600111604352E+00    0.104978178652188192E+01    0.299907178358731707E+01   -0.328515667364842159E+02    0.462031895729257371E+02   -0.201156472958220729E+04
    0.230560875415137662E+04    0.349832226925352963E+01   -0.301232213211471034E+00    0.632773831803771225E+00    0.104998681506019365E+01    0.299955195668292740E+01    0.675618135339207981E+01    0.112169568828645367E+02   -0.201154604047409475E+04
    0.230546930097127097E+04    0.344120030191013093E+01   -0.300973963626731067E+00    0.633226196256623020E+00    0.104988938106547569E+01    0.299909247843854221E+01   -0.172684086221734603E+02   -0.209191230638883212E+02   -0.201152088717030915E+04
    0.230546930097127097E+04    0.344120030191013093E+01   -0.300973963626731067E+00    0.633226196256623020E+00    0.104988938106547569E+01    0.299909247843854221E+01   -0.172684086221734603E+02   -0.209191230638883212E+02   -0.201152088717030915E+04
    0.230531290403576941E+04    0.347098259336170267E+01   -0.302692651217654873E+00    0.630459716305932227E+00    0.104992540711267379E+01    0.299916250152311514E+01   -0.918928229453401713E+01   -0.396647034886315453E+02   -0.201150495241598674E+04
    0.230531290403576941E+04    0.347098259336170267E+01   -0.302692651217654873E+00    0.630459716305932227E+00    0.104992540711267379E+01    0.299916250152311514E+01   -0.918928229453401713E+01   -0.396647034886315453E+02   -0.201150495241598674E+04
    0.230444543292734716E+04    0.347416873347750377E+01   -0.301306669561958451E+00    0.630726372623405585E+00    0.104990488223970080E+01    0.299931833362065925E+01    0.488249710105140764E+02   -0.140654801587148839E+02   -0.201148027577074777E+04
    0.230393089154073095E+04    0.350305186570073479E+01   -0.301779166564169143E+00    0.628486282887624537E+00    0.104994798468528683E+01    0.299961132527082341E+01   -0.406788823877775272E+02    0.266833568515116042E+02   -0.201145689022782244E+04
    0.230522467449379474E+04    0.350864597729614447E+01   -0.300619559266834979E+00    0.629772085012620830E+00    0.104994827593112983E+01    0.299790947683089382E+01   -0.556016476573700658E+01    0.161447996136358967E+02   -0.201145011551170296E+04
    0.230581235871640911E+04    0.349470068828501956E+01   -0.301417454435977672E+00    0.626019381323541513E+00    0.104999163695599473E+01    0.299783945850504807E+01   -0.464680561524420028E+02    0.428880754225797460E+02   -0.201142611401557019E+04
    0.230541653228615996E+04    0.349365485980140900E+01   -0.300287511917806671E+00    0.622026474582326516E+00    0.104984497550614098E+01    0.299903047604920303E+01   -0.226963608507092829E+01   -0.364082053584604779E+02   -0.201141536058747829E+04
    0.230541653228615996E+04    0.349365485980140900E+01   -0.300287511917806671E+00    0.622026474582326516E+00    0.104984497550614098E+01    0.299903047604920303E+01   -0.226963608507092829E+01   -0.364082053584604779E+02   -0.201141536058747829E+04
    0.230554826542820683E+04    0.348264382842415232E+01   -0.301573610370188649E+00    0.625482812100733088E+00    0.104993298530838208E+01    0.299869580672384251E+01    0.385223310184299521E+02   -0.359088454281466625E+02   -0.201139526471634349E+04
    0.230563228341388594E+04    0.348523011217010259E+01   -0.301346618117408538E+00    0.631228587344625502E+00    0.104991676862902272E+01    0.299946874428092336E+01    0.201188619855428215E+02    0.322161018891782476E+02   -0.201132838954790191E+04
    0.230607525222891218E+04    0.343819236755654645E+01   -0.299844644301126229E+00    0.633642993552181011E+00    0.104996964124501435E+01    0.299970681873255529E+01   -0.129837864147363291E+01   -0.216389810817829584E+02   -0.201125095727267330E+04
    0.230518966728621672E+04    0.349320705009535892E+01   -0.300228400778174864E+00    0.629493194086333641E+00    0.104971418872602151E+01    0.299963493318463970E+01    0.100315974698509365E+02   -0.571620937714411070E+01   -0.201124245538479977E+04
    0.230518966728621672E+04    0.349320705009535892E+01   -0.300228400778174864E+00    0.629493194086333641E+00    0.104971418872602151E+01    0.299963493318463970E+01    0.100315974698509365E+02   -0.571620937714411070E+01   -0.201124245538479977E+04
    0.230492745931019090E+04    0.348757879311443464E+01   -0.300915683948987878E+00    0.637938915644500226E+00    0.104996192780362962E+01    0.299975631824364264E+01   -0.882447606591742328E+01    0.495176432241650559E+02   -0.201124107645649360E+04
    0.230492745931019090E+04    0.348757879311443464E+01   -0.300915683948987878E+00    0.637938915644500226E+00    0.104996192780362962E+01    0.299975631824364264E+01   -0.882447606591742328E+01    0.495176432241650559E+02   -0.201124107645649360E+04
    0.230564929954114996E+04    0.350213819647074809E+01   -0.300106450192608787E+00    0.627634501525167865E+00    0.104989065967866968E+01    0.299777017248456712E+01    0.359806605985548629E+02    0.497705385626024679E+02   -0.201122708859066324E+04
    0.230564929954114996E+04    0.350213819647074809E+01   -0.300106450192608787E+00    0.627634501525167865E+00    0.104989065967866968E+01    0.299777017248456712E+01    0.359806605985548629E+02    0.497705385626024679E+02   -0.201122708859066324E+04
    0.230485551978733429E+04    0.352744909452597177E+01   -0.300359212905650375E+00    0.617426988339046634E+00    0.104994397473598955E+01    0.299950183065426135E+01    0.144289793674146409E+02    0.273290843203911322E+02   -0.201119141006066820E+04
    0.230485551978733429E+04    0.352744909452597177E+01   -0.300359212905650375E+00    0.617426988339046634E+00    0.104994397473598955E+01    0.299950183065426135E+01    0.144289793674146409E+02    0.273290843203911322E+02   -0.201119141006066820E+04
    0.230512193264951657E+04    0.345571072533222790E+01   -0.300730263790930485E+00    0.622450459738734030E+00    0.104999262647077218E+01    0.299999636247085899E+01    0.485783583666361238E+02   -0.476182977101011744E+02   -0.201117258719651954E+04
    0.230536243302157391E+04    0.347687551632097680E+01   -0.301079160961504111E+00    0.625089029106645988E+00    0.104984894641112869E+01    0.299948883444849290E+01    0.390418734948407007E+02    0.181491254672939988E+02   -0.201116639380897118E+04
    0.230548167440143698E+04    0.348717735035372112E+01   -0.301880868679666348E+00    0.627196958718344355E+00    0.104989268661254531E+01    0.299926193072274572E+01    0.394527455018850475E+02   -0.438515624150162822E+02   -0.201114801023429186E+04
    0.230552089885134228E+04    0.345837436766203998E+01   -0.300722440150713421E+00    0.627748593564086077E+00    0.104984466548346722E+01    0.299985302302891599E+01   -0.403875128908066472E+02   -0.319633416154578924E+02   -0.201114150229806523E+04
    0.230472577154541250E+04    0.347191045312822633E+01   -0.302961964830468777E+00    0.627726588486110515E+00    0.104993619017555506E+01    0.299968702040381618E+01   -0.357195111021043488E+02    0.347444867425540735E+02   -0.201111710684468699E+04
    0.230472577154541250E+04    0.347191045312822633E+01   -0.302961964830468777E+00    0.627726588486110515E+00    0.104993619017555506E+01    0.299968702040381618E+01   -0.357195111021043488E+02    0.347444867425540735E+02   -0.201111710684468699E+04
    0.230504746925631025E+04    0.344987530542538101E+01   -0.300828110893250511E+00    0.626292867310838552E+00    0.104993534840243141E+01    0.299951595491262513E+01    0.120276313838721052E+02   -0.157155801524963508E+02   -0.201111687498442416E+04
    0.230451468345367266E+04    0.348965636015435088E+01   -0.300955070575667782E+00    0.629947393635048369E+00    0.104991697233202164E+01    0.299885127443947042E+01   -0.469908365400484698E+02   -0.861409279830186847E+01   -0.201111215222327428E+04
    0.230451468345367266E+04    0.348965636015435088E+01   -0.300955070575667782E+00    0.629947393635048369E+00    0.104991697233202164E+01    0.299885127443947042E+01   -0.469908365400484698E+02   -0.861409279830186847E+01   -0.201111215222327428E+04
    0.230531165406401396E+04    0.343929119097894365E+01   -0.300794057324497821E+00    0.629859496585726930E+00    0.104986823588385070E+01    0.299973532107115126E+01    0.679933314384960852E+01   -0.594204061609779899E+01   -0.201108788897634258E+04
    0.230514485933204651E+04    0.346857869816715381E+01   -0.299932864207430205E+00    0.623585160717768261E+00    0.104995533575059707E+01    0.299915608332397277E+01   -0.658014608606507778E+01    0.381575786416962046E+02   -0.201108389957986265E+04
    0.230514485933204651E+04    0.346857869816715381E+01   -0.299932864207430205E+00    0.623585160717768261E+00    0.104995533575059707E+01    0.299915608332397277E+01   -0.658014608606507778E+01    0.381575786416962046E+02   -0.201108389957986265E+04
    0.230530612020310218E+04    0.345349069702558076E+01   -0.299812418498517197E+00    0.625950726805742708E+00    0.104995913902915539E+01    0.299978975004475679E+01   -0.409562997521845844E+02    0.383009195251925547E+02   -0.201106031993646161E+04
    0.230530612020310218E+04    0.345349069702558076E+01   -0.299812418498517197E+00    0.625950726805742708E+00    0.104995913902915539E+01    0.299978975004475679E+01   -0.409562997521845844E+02    0.383009195251925547E+02   -0.201106031993646161E+04
    0.230550499940731879E+04    0.349676339674515146E+01   -0.301155215143154964E+00    0.632656135778072448E+00    0.104996339608391920E+01    0.299967012222047336E+01   -0.140191633927716452E+01    0.361801798187376988E+01   -0.201103971586643365E+04
    0.230550499940731879E+04    0.349676339674515146E+01   -0.301155215143154964E+00    0.632656135778072448E+00    0.104996339608391920E+01    0.299967012222047336E+01   -0.140191633927716452E+01    0.361801798187376988E+01   -0.201103971586643365E+04
    0.230470095240420960E+04    0.345682447599857934E+01   -0.301254982207705080E+00    0.631539731671898030E+00    0.104985873744693814E+01    0.299974824390331563E+01    0.305660309356015176E+02   -0.387863216835761193E+01   -0.201103104408674744E+04
    0.230551381841304010E+04    0.348690129941268090E+01   -0.300185643772261646E+00    0.624597865619663017E+00    0.104991673174836819E+01    0.299814539411145198E+01    0.130172397635570292E+01    0.153448238660835869E+02   -0.201102933260472878E+04
    0.230551381841304010E+04    0.348690129941268090E+01   -0.300185643772261646E+00    0.624597865619663017E+00    0.104991673174836819E+01    0.299814539411145198E+01    0.130172397635570292E+01    0.153448238660835869E+02   -0.201102933260472878E+04
    0.230506171377986357E+04    0.350843287754993316E+01   -0.300946823271922514E+00    0.632606299471623168E+00    0.104994946985411741E+01    0.299986385689357515E+01    0.218421801749304336E+02    0.770740126541774373E+01   -0.201100794946099995E+04
    0.230536407131823762E+04    0.349071727769433693E+01   -0.301012743979772457E+00    0.626891596754197034E+00    0.104985653785546806E+01    0.299874509191599437E+01   -0.184842759040744653E+02   -0.348083278671490461E+02   -0.201099082158823580E+04
    0.230482684364519628E+04    0.350508993604584473E+01   -0.301460737789902011E+00    0.623056583065348724E+00    0.104976698166120297E+01    0.299996499071133993E+01    0.332097876528848275E+02   -0.290228829962375521E+02   -0.201097662386372440E+04
    0.230461175635759537E+04    0.348204450089664697E+01   -0.300458376266983518E+00    0.621034146465308856E+00    0.104992561887832814E+01    0.299959839967928055E+01    0.462947061411597076E+02    0.492183727953388370E+02   -0.201097418393746489E+04
    0.230581825330305037E+04    0.346108219116464566E+01   -0.300486997607834927E+00    0.631518002618475682E+00    0.104993038651218051E+01    0.299979193785373299E+01   -0.482388640041773726E+02   -0.310984854416993528E+00   -0.201097132135335119E+04
    0.230483985997668333E+04    0.351371869033247286E+01   -0.301409958090021468E+00    0.626659780744183603E+00    0.104987867588472827E+01    0.299941423992817846E+01    0.458412227876702190E+02    0.219008687484924423E+02   -0.201095281047357139E+04
    0.230483985997668333E+04    0.351371869033247286E+01   -0.301409958090021468E+00    0.626659780744183603E+00    0.104987867588472827E+01    0.299941423992817846E+01    0.458412227876702190E+02    0.219008687484924423E+02   -0.201095281047357139E+04
    0.230541217438359490E+04    0.344810129881390637E+01   -0.300126720745315767E+00    0.630518228571432138E+00    0.104985373423835737E+01    0.299914720431225268E+01   -0.846839533670434719E+01    0.111209027748442324E+02   -0.201095014844969251E+04
    0.230541217438359490E+04    0.344810129881390637E+01   -0.300126720745315767E+00    0.630518228571432138E+00    0.104985373423835737E+01    0.299914720431225268E+01   -0.846839533670434719E+01    0.111209027748442324E+02   -0.201095014844969251E+04
    0.230503602256159502E+04    0.348455345155119334E+01   -0.299793626647938349E+00    0.623061194995553680E+00    0.104992029460096647E+01    0.299961848177883983E+01    0.437922938131977446E+01    0.173076529717847194E+02   -0.201094838987700950E+04
    0.230455663870205353E+04    0.344571512371612076E+01   -0.300900642399503260E+00    0.640234866672605207E+00    0.104996930264048882E+01    0.299999936514215770E+01   -0.393994587708919113E+02    0.367357582452610671E+02   -0.201094572584855609E+04
    0.230484599452299972E+04    0.342793905281961386E+01   -0.300659008196043909E+00    0.637572069315350376E+00    0.104998783961142861E+01    0.299927655421854578E+01    0.689155116718806227E+01    0.408051135068271265E+02   -0.201094505720282518E+04
    0.230484599452299972E+04    0.342793905281961386E+01   -0.300659008196043909E+00    0.637572069315350376E+00    0.104998783961142861E+01    0.299927655421854578E+01    0.689155116718806227E+01    0.408051135068271265E+02   -0.201094505720282518E+04
    0.230542577747290125E+04    0.347954344632764778E+01   -0.300954056157362149E+00    0.632941219769639019E+00    0.104990115592921440E+01    0.299889288827016953E+01   -0.272589483230393661E+02   -0.267988071880091994E+02   -0.201092865338177353E+04
    0.230486663070983786E+04    0.346375426089029625E+01   -0.300462992204303725E+00    0.627468614589197560E+00    0.104995384850054774E+01    0.299878852560736942E+01   -0.214967029273318282E+02    0.108217642925929951E+02   -0.201091006761057884E+04
    0.230467892873130677E+04    0.351387576694744030E+01   -0.301749706798640605E+00    0.627846927065601079E+00    0.104989771630544060E+01    0.299967519506225688E+01    0.322969377489422271E+02    0.175048710744292464E+02   -0.201088192550677127E+04
    0.230467892873130677E+04    0.351387576694744030E+01   -0.301749706798640605E+00    0.627846927065601079E+00    0.104989771630544060E+01    0.299967519506225688E+01    0.322969377489422271E+02    0.175048710744292464E+02   -0.201088192550677127E+04
    0.230432550763931522E+04    0.346058215273056646E+01   -0.301824249989379234E+00    0.633935701003495389E+00    0.104996253300273512E+01    0.299985945140536359E+01    0.127694098403911980E+02   -0.600539757644880012E+01   -0.201088108343726185E+04
    0.230518045738599585E+04    0.349637326619635935E+01   -0.301102972544398273E+00    0.622341449546614189E+00    0.104989819222825420E+01    0.299896162631405172E+01    0.149020090804040706E+02   -0.458645625956152188E+02   -0.201087624213984850E+04
    0.230515759801400509E+04    0.346994744436129832E+01   -0.301709732901887795E+00    0.632341005069205431E+00    0.104985978796237323E+01    0.299973332876746746E+01   -0.323228586758126681E+02    0.225915688476380581E+02   -0.201083370782272027E+04
    0.230562740159141140E+04    0.348079743312330248E+01   -0.300411031296380193E+00    0.624373274671086165E+00    0.104995989149922564E+01    0.299855823422399892E+01   -0.119103215821096313E+02    0.463805439775561439E+02   -0.201081691403212608E+04
    0.230528315185472593E+04    0.345510321258007558E+01   -0.300647271957972029E+00    0.631659973214085180E+00    0.104987868028305886E+01    0.299903847296115833E+01   -0.118329833647771139E+02   -0.347411631442201667E+02   -0.201080761666331591E+04
    0.230533407944300825E+04    0.344226893365645470E+01   -0.301990413353086351E+00    0.633618853303766327E+00    0.104995349374381175E+01    0.299948512381717469E+01    0.199611729338968047E+02   -0.680071583497166188E+01   -0.201078991420893499E+04
    0.230533407944300825E+04    0.344226893365645470E+01   -0.301990413353086351E+00    0.633618853303766327E+00    0.104995349374381175E+01    0.299948512381717469E+01    0.199611729338968047E+02   -0.680071583497166188E+01   -0.201078991420893499E+04
    0.230427849515403341E+04    0.350456296868177564E+01   -0.303202128443081642E+00    0.624720190398264430E+00    0.104994498165022310E+01    0.299987015432742998E+01   -0.490454023564955293E+02   -0.135331869783360119E+02   -0.201078735648133284E+04
    0.230427849515403341E+04    0.350456296868177564E+01   -0.303202128443081642E+00    0.624720190398264430E+00    0.104994498165022310E+01    0.299987015432742998E+01   -0.490454023564955293E+02   -0.135331869783360119E+02   -0.201078735648133284E+04
    0.230556660463394201E+04    0.344831790516424697E+01   -0.300134743682229643E+00    0.636637241367940532E+00    0.104991324339471559E+01    0.299904946106884651E+01    0.203653385629322941E+02    0.373552989182463193E+02   -0.201077371795752947E+04
    0.230547375677773198E+04    0.348843527259466235E+01   -0.301319646151846254E+00    0.627363523794919775E+00    0.104995691040260097E+01    0.299819130566950554E+01    0.345991325188715990E+02    0.290050315980285802E+02   -0.201074809329459526E+04
    0.230483746277616228E+04    0.352389006252257886E+01   -0.300137263356498318E+00    0.620691795577506422E+00    0.104998499076641982E+01    0.299843883862117888E+01   -0.215836963633783974E+02   -0.107505102188684276E+01   -0.201072261212448416E+04
    0.230548337433566303E+04    0.350360626332083935E+01   -0.299815120475927122E+00    0.628202298967686534E+00    0.104988599886026379E+01    0.299906238699870187E+01    0.293706711919129617E+02   -0.647084337108447016E+01   -0.201071421995037895E+04
    0.230411092937052126E+04    0.347890933473554398E+01   -0.300771319872280396E+00    0.628766557971901840E+00    0.104989820598393480E+01    0.299976633157188388E+01    0.317999155097599129E+01    0.137450683815195305E+02   -0.201071180260213032E+04
    0.230474109447377032E+04    0.353627672636407642E+01   -0.300357930759660663E+00    0.618311232749916062E+00    0.104999675230327427E+01    0.299941900396291450E+01   -0.103183865956392395E+01   -0.495278586351568535E+02   -0.201070383913610453E+04
    0.230531150305217307E+04    0.349838399995165839E+01   -0.302010685888486230E+00    0.631090654931320882E+00    0.104994179861478010E+01    0.299938364826983994E+01    0.216415515171423181E+02   -0.440819762068973162E+02   -0.201068741168623637E+04
    0.230530412089973470E+04    0.347173473103692753E+01   -0.299723341327884141E+00    0.631401122628257649E+00    0.104988442250815117E+01    0.299974986226805651E+01   -0.469249966844894999E+02   -0.433097984007307986E+02   -0.201065433830783081E+04
    0.230530412089973470E+04    0.347173473103692753E+01   -0.299723341327884141E+00    0.631401122628257649E+00    0.104988442250815117E+01    0.299974986226805651E+01   -0.469249966844894999E+02   -0.433097984007307986E+02   -0.201065433830783081E+04
    0.230528911504072403E+04    0.348845802770478564E+01   -0.299678627216557081E+00    0.629781112703202695E+00    0.104998950137617530E+01    0.299890866675320034E+01    0.880058936855094487E+01   -0.156325639205518740E+01   -0.201062445021630833E+04
    0.230490417675875506E+04    0.351741733938855505E+01   -0.300464497634369498E+00    0.624340981860006972E+00    0.104992858663343136E+01    0.299862525024760407E+01   -0.332564718289908967E+02    0.295557239342650746E+02   -0.201059864856865352E+04
    0.230486683473857920E+04    0.351089551256088983E+01   -0.300361803743664391E+00    0.624117608395621803E+00    0.104975085042180249E+01    0.299996334982075918E+01    0.379592681026951340E+01   -0.787670492718409321E+01   -0.201054883325176047E+04
    0.230482662413702747E+04    0.347478999627997887E+01   -0.301236676489434974E+00    0.630823787433070549E+00    0.104982347620190608E+01    0.299974304666021752E+01    0.267657467392609760E+02   -0.978670220196139695E+01   -0.201053445841027815E+04
    0.230482662413702747E+04    0.347478999627997887E+01   -0.301236676489434974E+00    0.630823787433070549E+00    0.104982347620190608E+01    0.299974304666021752E+01    0.267657467392609760E+02   -0.978670220196139695E+01   -0.201053445841027815E+04
    0.230496049730833829E+04    0.348102386256976715E+01   -0.301617108071376427E+00    0.629341079900456069E+00    0.104993291071070893E+01    0.299890086193481764E+01    0.276074072802033612E+02    0.735634564951035230E+01   -0.201047066953044373E+04
    0.230554758399930006E+04    0.349996784527491211E+01   -0.300796133517697184E+00    0.629639333185233352E+00    0.104992225459767474E+01    0.299930128671200080E+01    0.455619963561444763E+01    0.251592679574285967E+02   -0.201047040023182717E+04
    0.230460350548748193E+04    0.350901675398504764E+01   -0.299913271896989853E+00    0.622322427874294370E+00    0.104994956877637979E+01    0.299898053721109825E+01   -0.693470709074570379E+01    0.413407558476000361E+02   -0.201045961182228621E+04
    0.230460350548748193E+04    0.350901675398504764E+01   -0.299913271896989853E+00    0.622322427874294370E+00    0.104994956877637979E+01    0.299898053721109825E+01   -0.693470709074570379E+01    0.413407558476000361E+02   -0.201045961182228621E+04
    0.230478884946394010E+04    0.353063684890348117E+01   -0.299983397049921330E+00    0.625107541312072801E+00    0.104994793594674030E+01    0.299960983629608879E+01    0.402957170416673591E+02   -0.359284207974037955E+02   -0.201045321525134932E+04
    0.230478884946394010E+04    0.353063684890348117E+01   -0.299983397049921330E+00    0.625107541312072801E+00    0.104994793594674030E+01    0.299960983629608879E+01    0.402957170416673591E+02   -0.359284207974037955E+02   -0.201045321525134932E+04
    0.230511653602895240E+04    0.340553961202643674E+01   -0.300466884608967644E+00    0.641640946299553816E+00    0.104997532954032091E+01    0.299997028515586095E+01   -0.786080808901487416E+01   -0.370275322233401951E+02   -0.201043681832181892E+04
    0.230511653602895240E+04    0.340553961202643674E+01   -0.300466884608967644E+00    0.641640946299553816E+00    0.104997532954032091E+01    0.299997028515586095E+01   -0.786080808901487416E+01   -0.370275322233401951E+02   -0.201043681832181892E+04
    0.230532707412931586E+04    0.349919845576949085E+01   -0.300632472933546446E+00    0.631576050255921562E+00    0.104988226286425412E+01    0.299960261647660609E+01    0.193641023339840359E+02   -0.140154303229384993E+02   -0.201043486137571790E+04
    0.230472902848002832E+04    0.351780364412705948E+01   -0.301478675616622005E+00    0.623993819246859704E+00    0.104988222579347368E+01    0.299986940791819157E+01   -0.104712435609236820E+00   -0.336415494862863511E+02   -0.201042720764167598E+04
    0.230467346122868457E+04    0.350115278672745056E+01   -0.302164685787397025E+00    0.632961879113872028E+00    0.104999572453133494E+01    0.299929809901721667E+01    0.108126676303913243E+02    0.211259543955126361E+02   -0.201038243262649667E+04
    0.230467346122868457E+04    0.350115278672745056E+01   -0.302164685787397025E+00    0.632961879113872028E+00    0.104999572453133494E+01    0.299929809901721667E+01    0.108126676303913243E+02    0.211259543955126361E+02   -0.201038243262649667E+04
    0.230552646660638493E+04    0.347146277879388743E+01   -0.300799188889508906E+00    0.632705632622336811E+00    0.104990575102951356E+01    0.299967616333036569E+01    0.120283216541802105E+02    0.372155367276120046E+02   -0.201036997704188707E+04
    0.230393225202116309E+04    0.354198694865096009E+01   -0.300065102887443536E+00    0.617961304454049509E+00    0.104995183678674797E+01    0.299997364444609360E+01   -0.394145319465749608E+02    0.384993996951765638E+02   -0.201036933788384204E+04
    0.230481181842368460E+04    0.351725124750778484E+01   -0.300726004194962537E+00    0.629978240841561288E+00    0.104995515619208812E+01    0.299980197714916841E+01    0.284434578885531124E+02   -0.404098705615066436E+02   -0.201034571025984519E+04
    0.230527024871404865E+04    0.348417599389172983E+01   -0.300997976800388090E+00    0.627425053303883651E+00    0.104992725491233529E+01    0.299855688404008669E+01   -0.254205393387940219E+02    0.188829839327995472E+02   -0.201032019341214709E+04
    0.230550901655197413E+04    0.344471905560986880E+01   -0.300171515889942508E+00    0.630889005035117467E+00    0.104998688224955083E+01    0.299849184301294969E+01    0.143282495847206803E+02   -0.461276650982177614E+02   -0.201025726869439291E+04
    0.230563887255385453E+04    0.346119908304940616E+01   -0.300215450236240911E+00    0.634094868035147696E+00    0.104994488680423337E+01    0.299863330170590192E+01    0.167443344667089349E+02   -0.784697284522493277E+01   -0.201025484656951539E+04
    0.230522728164177488E+04    0.344342453819720085E+01   -0.300395706854877098E+00    0.637710264303697372E+00    0.104989627332627267E+01    0.299986503225901924E+01    0.268260553060629121E+02    0.448287197277232536E+02   -0.201024063624634368E+04
    0.230546128990591842E+04    0.346129192579541201E+01   -0.300967012754968066E+00    0.626187485508006736E+00    0.104996171211033062E+01    0.299960942869922675E+01   -0.217092588822677470E+02   -0.405608707114128464E+02   -0.201020533501064051E+04
    0.230463500207236029E+04    0.353244432166031652E+01   -0.300010168874236927E+00    0.620988817146590932E+00    0.104995752825267719E+01    0.299920727508471341E+01   -0.397383202451944655E+02    0.313737052055293333E+02   -0.201019233729395251E+04
    0.230522597259956228E+04    0.345025051670373095E+01   -0.301820286079424016E+00    0.631727090033942673E+00    0.104997290348051098E+01    0.299934316556544811E+01   -0.829250936616867307E+01    0.412768879658961367E+02   -0.201018444460563114E+04
    0.230517502559363766E+04    0.345527206661008934E+01   -0.299870303667938043E+00    0.629923795170559409E+00    0.104990683817929220E+01    0.299955169636093455E+01    0.226036396152561707E+02    0.257246084840551958E+02   -0.201018123144556534E+04
    0.230475821502759754E+04    0.346434506853762203E+01   -0.300764157368303975E+00    0.627844713221908490E+00    0.104990061345199437E+01    0.299949822498046625E+01   -0.373010118079487967E+02    0.114829554395894178E+02   -0.201017880125403667E+04
    0.230456327323387086E+04    0.351856404321261307E+01   -0.301372723079299631E+00    0.619073448765948386E+00    0.104996528560954805E+01    0.299973912877588500E+01    0.267654811901261240E+02   -0.217389111768456615E+02   -0.201016228341784972E+04
    0.230560082111315842E+04    0.341372284328323428E+01   -0.299998179089336070E+00    0.637325005518828647E+00    0.104992899837675435E+01    0.299991412748885677E+01    0.399501888110915786E+02   -0.476000919260632998E+02   -0.201014899750010159E+04
    0.230447539510683646E+04    0.350381427382908672E+01   -0.301657928422348509E+00    0.626611555890600025E+00    0.104984438507251521E+01    0.299985728131113527E+01   -0.459845676904757923E+02   -0.469490781449793175E+02   -0.201009414226226932E+04
    0.230491517802949238E+04    0.347544383102044341E+01   -0.299955005949458842E+00    0.628362866384835517E+00    0.104976734381084524E+01    0.299987161099237420E+01   -0.325445127343188432E+02    0.284282880577911783E+02   -0.201009064854703865E+04
    0.230473703880804715E+04    0.351495521821143608E+01   -0.302386392810424010E+00    0.623864455377835414E+00    0.104998801660827312E+01    0.299948834961144994E+01    0.448309031676579650E+02   -0.450263887920695467E+02   -0.201008174533947749E+04
    0.230572062238764784E+04    0.344584362995992555E+01   -0.300097381531845397E+00    0.631776617830778098E+00    0.104992801276697878E+01    0.299991078905157105E+01    0.117139268189392212E+02   -0.427958723352602419E+02   -0.201005925963029563E+04
    0.230514656258880996E+04    0.345808463290813606E+01   -0.300490676389320033E+00    0.634182604906762815E+00    0.104983711142331537E+01    0.299998968207405925E+01   -0.317735831585718707E+02    0.343284808423228327E+02   -0.201000943807782937E+04
    0.230512530990107143E+04    0.347517629892098334E+01   -0.301757688837024252E+00    0.632361544064767855E+00    0.104990594072968757E+01    0.299983500419954252E+01   -0.164069948740244342E+01    0.719264948053270814E+01   -0.200997101503664362E+04
    0.230530821134473990E+04    0.349078441273919360E+01   -0.300656957844625872E+00    0.626287191958850187E+00    0.104994455060529912E+01    0.299834789181405270E+01    0.386546737480996825E+02   -0.442797726941914007E+02   -0.200996685027542958E+04
    0.230530821134473990E+04    0.349078441273919360E+01   -0.300656957844625872E+00    0.626287191958850187E+00    0.104994455060529912E+01    0.299834789181405270E+01    0.386546737480996825E+02   -0.442797726941914007E+02   -0.200996685027542958E+04
    0.230558283793339524E+04    0.347348997439986995E+01   -0.301133228495604865E+00    0.631594575155633997E+00    0.104997008152206495E+01    0.299907042290357850E+01    0.294226979404182458E+02   -0.988840194391406868E+01   -0.200995660940828020E+04
    0.230455177121892120E+04    0.352647391106427488E+01   -0.300566906981878768E+00    0.623017282553626428E+00    0.104992504169971235E+01    0.299963978765564931E+01    0.193656118308713445E+02    0.770585982379912338E+01   -0.200990975750925850E+04
    0.230546526326901858E+04    0.342963837195084453E+01   -0.301223228338089455E+00    0.634797115372588983E+00    0.104997675655854650E+01    0.299971437057701795E+01    0.112889093248202101E+02   -0.290584925751747818E+02   -0.200989755297217630E+04
    0.230546526326901858E+04    0.342963837195084453E+01   -0.301223228338089455E+00    0.634797115372588983E+00    0.104997675655854650E+01    0.299971437057701795E+01    0.112889093248202101E+02   -0.290584925751747818E+02   -0.200989755297217630E+04
    0.230491699522533963E+04    0.350191699972357684E+01   -0.301524501696706859E+00    0.625896103760534062E+00    0.104985027811890030E+01    0.299963060339309173E+01   -0.121866739207119394E+02    0.476182641736507435E+02   -0.200989124142158335E+04
    0.230532021433191358E+04    0.349692891306090958E+01   -0.300256098416541883E+00    0.626612233310568811E+00    0.104987341546573121E+01    0.299866145452362831E+01   -0.633250788673613840E+01   -0.328211731813298115E+02   -0.200988408500334322E+04
    0.230412561995307533E+04    0.352070006565778515E+01   -0.300653557309307484E+00    0.628500626471061752E+00    0.104997715378724177E+01    0.299975772069838342E+01   -0.381013326336849047E+02   -0.247979520505998465E+02   -0.200981057035830054E+04
    0.230494549240578635E+04    0.349630066945837914E+01   -0.301837334227972598E+00    0.629611489635585442E+00    0.104989742829857335E+01    0.299955713666291679E+01   -0.484110663763738245E+02    0.254965110338105774E+02   -0.200980267921688846E+04
    0.230462633462681242E+04    0.351995757832978828E+01   -0.300791196028184604E+00    0.621424259434607995E+00    0.104993949617616567E+01    0.299946043057177825E+01    0.693181195560247687E+01    0.482022381937213993E+02   -0.200979384150963847E+04
    0.230462633462681242E+04    0.351995757832978828E+01   -0.300791196028184604E+00    0.621424259434607995E+00    0.104993949617616567E+01    0.299946043057177825E+01    0.693181195560247687E+01    0.482022381937213993E+02   -0.200979384150963847E+04
    0.230512305939081489E+04    0.340924777409423108E+01   -0.300932728195692556E+00    0.635408971980847337E+00    0.104999728528548952E+01    0.299999160440545243E+01   -0.220939131819888317E+02    0.217451294647283220E+02   -0.200976222758744825E+04
    0.230455047644066508E+04    0.350438157042190790E+01   -0.301394775787864777E+00    0.632146996109534842E+00    0.104995832395809141E+01    0.299961277417032735E+01    0.450703029241118998E+02   -0.318920924199284634E+02   -0.200975948632130712E+04
    0.230439254414373181E+04    0.351489153907718910E+01   -0.300144962881647825E+00    0.623109839841226920E+00    0.104993136118954511E+01    0.299914084364026445E+01    0.362657633684710561E+02   -0.289597442464890449E+02   -0.200972617416382786E+04
    0.230466344088805681E+04    0.347816363780490878E+01   -0.301923487936929802E+00    0.629057006956734277E+00    0.104993983580471983E+01    0.299958900207240475E+01   -0.545200410792534740E+01   -0.774353815230826825E+01   -0.200972113396119630E+04
    0.230482151236261871E+04    0.350119211941585018E+01   -0.303241619951404029E+00    0.628213883909723991E+00    0.104998695696592570E+01    0.299958063028093891E+01   -0.163886448922250736E+02   -0.216726397379470477E+02   -0.200971997106122581E+04
    0.230482151236261871E+04    0.350119211941585018E+01   -0.303241619951404029E+00    0.628213883909723991E+00    0.104998695696592570E+01    0.299958063028093891E+01   -0.163886448922250736E+02   -0.216726397379470477E+02   -0.200971997106122581E+04
    0.230499248133992205E+04    0.349100601274019517E+01   -0.300251468356137530E+00    0.636535904887466142E+00    0.104996886463119909E+01    0.299967767614054859E+01    0.307610445992723669E+02   -0.360021141965707159E+02   -0.200970902559335832E+04
    0.230541113551028320E+04    0.349144410895608459E+01   -0.300658630349151301E+00    0.625859604657726498E+00    0.104993003846153310E+01    0.299883108038193935E+01   -0.350071322593467897E+02   -0.701860034478159633E+01   -0.200970506051222992E+04
    0.230515571171614556E+04    0.346399730397733308E+01   -0.300552982860450846E+00    0.632042530424359761E+00    0.104985642860521922E+01    0.299969324225506639E+01   -0.499099172241801341E+02    0.490347577944166773E+02   -0.200967258259169171E+04
    0.230512752852799895E+04    0.343451807448705448E+01   -0.300210430088239777E+00    0.634463434133986426E+00    0.104991221576637517E+01    0.299961042567329494E+01    0.474257667437816934E+02    0.259604490017404999E+02   -0.200966632275755774E+04
    0.230476739776767590E+04    0.351293970616309803E+01   -0.301602293765154239E+00    0.624547275953557302E+00    0.104990827971027700E+01    0.299992337828689726E+01   -0.471157586364789864E+02   -0.413382250682113721E+02   -0.200964514251903165E+04
    0.230476739776767590E+04    0.351293970616309803E+01   -0.301602293765154239E+00    0.624547275953557302E+00    0.104990827971027700E+01    0.299992337828689726E+01   -0.471157586364789864E+02   -0.413382250682113721E+02   -0.200964514251903165E+04
    0.230435815573793752E+04    0.349825686764009935E+01   -0.300963923416683876E+00    0.625123490440288809E+00    0.104992211515978973E+01    0.299938934212494601E+01   -0.407878940584055982E+01    0.329151340258910778E+02   -0.200961905666659891E+04
    0.230435815573793752E+04    0.349825686764009935E+01   -0.300963923416683876E+00    0.625123490440288809E+00    0.104992211515978973E+01    0.299938934212494601E+01   -0.407878940584055982E+01    0.329151340258910778E+02   -0.200961905666659891E+04
    0.230501985745036882E+04    0.348284030666625366E+01   -0.301319592614207488E+00    0.628100287668667767E+00    0.104985778077348013E+01    0.299978582822171091E+01   -0.461426409484882711E+02    0.427881440024638664E+02   -0.200959826063916648E+04
    0.230506866946677656E+04    0.349569475451244438E+01   -0.301954198099293691E+00    0.630638098010619430E+00    0.104994888261209107E+01    0.299948774096459170E+01    0.196946233446468568E+02    0.362489860451129147E+02   -0.200958187310517837E+04
    0.230503421975838046E+04    0.347586640973463368E+01   -0.302449896363858273E+00    0.629806338187805403E+00    0.104998420439707285E+01    0.299942926213024963E+01   -0.106246601191610139E+02   -0.249050779164356797E+02   -0.200957784816896742E+04
    0.230461012615652680E+04    0.352491801409354100E+01   -0.300851003608219481E+00    0.621879599609629574E+00    0.104995171462580461E+01    0.299974278781794235E+01    0.229242807525823764E+02    0.448602439490361888E+02   -0.200957704741550037E+04
    0.230461012615652680E+04    0.352491801409354100E+01   -0.300851003608219481E+00    0.621879599609629574E+00    0.104995171462580461E+01    0.299974278781794235E+01    0.229242807525823764E+02    0.448602439490361888E+02   -0.200957704741550037E+04
    0.230455875556370347E+04    0.350459628885878072E+01   -0.300357396359356710E+00    0.618728230981401728E+00    0.104997094741045416E+01    0.299965567983427484E+01    0.429289430487382475E+02    0.148832265356059423E+01   -0.200957359183406288E+04
    0.230462195437750961E+04    0.346023996474779638E+01   -0.300740676021794384E+00    0.629364782032735604E+00    0.104994706298775098E+01    0.299956179223928121E+01   -0.342456296267428755E+02    0.486484909857790342E+02   -0.200957139302557243E+04
    0.230511481373763672E+04    0.346046123890422486E+01   -0.300651631542253384E+00    0.628281268930948156E+00    0.104989325835677838E+01    0.299967092264996182E+01    0.131812705705155153E+02    0.367261211024564176E+02   -0.200954871875075924E+04
    0.230463017450688994E+04    0.346095344880805689E+01   -0.301512271513256935E+00    0.629618248945920778E+00    0.104996251025607190E+01    0.299974793987484212E+01   -0.128467125990273843E+02   -0.945622870818829853E+01   -0.200952892909755224E+04
    0.230480089203463649E+04    0.346583395863598831E+01   -0.300140732662420029E+00    0.635185268812378134E+00    0.104986406717193326E+01    0.299986329503699656E+01   -0.458942203966819733E+02   -0.405590718279865712E+02   -0.200951149211815959E+04
    0.230436845652844249E+04    0.348692875128570057E+01   -0.300009295939666631E+00    0.631923972706289527E+00    0.104987797737986277E+01    0.299954720951608245E+01    0.422320713887369976E+02   -0.147638942020260728E+02   -0.200947517209061289E+04
    0.230501985908189181E+04    0.346165832244331506E+01   -0.301732229929567164E+00    0.634886321993864078E+00    0.104995667067507314E+01    0.299995563930080600E+01    0.468611813931962331E+02   -0.271782021850187263E+02   -0.200943697279830167E+04
    0.230553765491864851E+04    0.349368697374058179E+01   -0.300422178278115626E+00    0.627602415727971596E+00    0.104994595850591099E+01    0.299966237486054554E+01    0.208600608528081324E+02    0.468871621378968086E+02   -0.200943663030735752E+04
    0.230467721559475194E+04    0.350900137660581990E+01   -0.301954717169027942E+00    0.627932667915539033E+00    0.104995032270178035E+01    0.299978625653277398E+01    0.434213571046440308E+02   -0.416734850101684700E+02   -0.200941511690676430E+04
    0.230445075770085805E+04    0.350535866268119634E+01   -0.301729558833201961E+00    0.628398329163616154E+00    0.104989818502260812E+01    0.299999183816143544E+01   -0.323684284000666125E+02   -0.445568127956264135E+02   -0.200939901915891278E+04
    0.230539994539785448E+04    0.347286809796125207E+01   -0.301166191297474128E+00    0.630209083670244752E+00    0.104994790389389236E+01    0.299942162040720861E+01   -0.223063653118257648E+02    0.341332758699282124E+02   -0.200939692833255504E+04
    0.230534002077170771E+04    0.348076203502582437E+01   -0.302290162266529605E+00    0.629698342548231649E+00    0.104999087596244878E+01    0.299991502066911186E+01    0.120878080195767197E+02    0.261855913098075206E+02   -0.200939425817672804E+04
    0.230565232747667505E+04    0.346194620162271782E+01   -0.300146627103470620E+00    0.631848082649216880E+00    0.104996412745596190E+01    0.299897330321180178E+01   -0.470023797530418577E+02    0.338934348576075593E+02   -0.200939156981124484E+04
    0.230540856453695778E+04    0.348591195218136640E+01   -0.300855451347401492E+00    0.628523471951379253E+00    0.104993605954410518E+01    0.299913406671867966E+01    0.320117053181151618E+02    0.464331115418605123E+02   -0.200938532098653604E+04
    0.230536764955663193E+04    0.343956907837527393E+01   -0.300216716848207943E+00    0.633056753686988660E+00    0.104996391078275919E+01    0.299917157941400525E+01    0.323647924003452943E+02    0.798619345797767721E+00   -0.200936303530069108E+04
    0.230494594592689009E+04    0.349211777090982389E+01   -0.301504560016559231E+00    0.625661323086411869E+00    0.104991937136601909E+01    0.299943601870684207E+01    0.299836990582799956E+02   -0.117765425351648219E+02   -0.200929559088984729E+04
    0.230499949247414042E+04    0.349700040951177638E+01   -0.301496193745168117E+00    0.632212236965641328E+00    0.104995462392771932E+01    0.299967864808678009E+01   -0.364501969646905977E+02    0.453691573506019807E+01   -0.200926480794059398E+04
    0.230469008946494569E+04    0.349936198215313565E+01   -0.299773079436984446E+00    0.621906238825965296E+00    0.104999997719363836E+01    0.299988466337770898E+01   -0.314629519051357782E+02   -0.694566625168349816E+01   -0.200926200259265670E+04
    0.230477489270899332E+04    0.352363761586790414E+01   -0.300259648418152725E+00    0.623822963001941844E+00    0.104997957021781185E+01    0.299925718087241799E+01    0.514363329677672709E+01   -0.323812803962129436E+02   -0.200924018679332289E+04
    0.230490572355251970E+04    0.350302698103885035E+01   -0.301814366172182880E+00    0.627424287977130790E+00    0.104991442571046756E+01    0.299975260336897476E+01    0.341320855729826462E+02   -0.236126446819067972E+02   -0.200923917560929362E+04
    0.230509192300057248E+04    0.349592381249806161E+01   -0.302172374367026042E+00    0.627520203506654717E+00    0.104996393642120811E+01    0.299942090057379396E+01    0.440735129897522881E+01    0.483722688452870955E+02   -0.200922833747272534E+04
    0.230521206018195790E+04    0.346232813340695245E+01   -0.300216574321525598E+00    0.626520561732348824E+00    0.104989901646147343E+01    0.299990373278844702E+01   -0.665127612081032993E+01   -0.579251182139046961E+01   -0.200922495146653182E+04
    0.230538468327637611E+04    0.346564210546248042E+01   -0.300154131079813258E+00    0.630172401439571095E+00    0.104992675928897161E+01    0.299904884989338738E+01   -0.320363200584312580E+02    0.109801189624418427E+02   -0.200919076331246788E+04
    0.230482233807509965E+04    0.347571166932794728E+01   -0.300828443238759624E+00    0.635194827154013542E+00    0.104998019849993973E+01    0.299935356387107577E+01   -0.197029406034504788E+02    0.339976561852476209E+02   -0.200918704455569218E+04
    0.230472762269909981E+04    0.352002026857490158E+01   -0.299993779457476961E+00    0.622126435002221534E+00    0.104992182478515517E+01    0.299948637993583667E+01    0.296975380049599806E+02   -0.343476104713727608E+02   -0.200918538752334393E+04
    0.230530749326508203E+04    0.349775783901488602E+01   -0.300326727057153853E+00    0.628509780488411884E+00    0.104988182450042333E+01    0.299950509238177565E+01   -0.360757901910063694E+02   -0.344493683358747802E+02   -0.200918506117828883E+04
    0.230532508643903930E+04    0.346068732799673295E+01   -0.300365645143039095E+00    0.634321045894225000E+00    0.104991500603585175E+01    0.299990173059564480E+01    0.242258742659963389E+01   -0.402767490537436856E+01   -0.200913892402395959E+04
    0.230419194929793957E+04    0.346499085282994601E+01   -0.300346853670004188E+00    0.630771732555414077E+00    0.104993458689842623E+01    0.299999592698492235E+01    0.339963872631194590E+02   -0.608013658835350412E+01   -0.200913255635083624E+04
    0.230509275973873173E+04    0.350192075230735167E+01   -0.300727107816410544E+00    0.631482644981868901E+00    0.104995082720305288E+01    0.299935853592856416E+01    0.151571170312831356E+02    0.568957270201318721E+01   -0.200911943230943393E+04
    0.230414936514479723E+04    0.351808604076829656E+01   -0.301291191464294839E+00    0.626195709450505622E+00    0.104998167311200574E+01    0.299990624261359073E+01   -0.444895992551347845E+02   -0.266625638969120438E+02   -0.200911749198714324E+04
    0.230502328029832779E+04    0.349272986173298605E+01   -0.300776428667948181E+00    0.625864011822752087E+00    0.104987197398910026E+01    0.299950729213644474E+01   -0.388342343372565324E+01   -0.227531951433375959E+02   -0.200911699636072967E+04
    0.230409471481381934E+04    0.349522327643612485E+01   -0.299915969000631444E+00    0.623374408808907154E+00    0.104999742920262817E+01    0.299985853356186238E+01   -0.403236072451479259E+02   -0.591217258316173400E+01   -0.200911694394314986E+04
    0.230547694949281231E+04    0.349889397451030426E+01   -0.300497602236033612E+00    0.629786838885193156E+00    0.104998480715136711E+01    0.299869431067275416E+01   -0.977238572081746781E+01   -0.193531347037597570E+02   -0.200904587923547933E+04
    0.230414542492216242E+04    0.349318355020803084E+01   -0.301012318227733056E+00    0.624883062279209200E+00    0.104996353148368171E+01    0.299978256572081925E+01   -0.143211148599736120E+02    0.201004785134739450E+02   -0.200903848528056324E+04
    0.230529153779942135E+04    0.344664674630202139E+01   -0.300433769122293859E+00    0.629852990893119413E+00    0.104998537490946497E+01    0.299937887556043936E+01    0.268497480756519877E+02   -0.106283582018030316E+02   -0.200901342489324111E+04
    0.230492398348682582E+04    0.349235444683661722E+01   -0.301697046009255176E+00    0.630590755768436706E+00    0.104997668787299014E+01    0.299927983441376078E+01    0.287369679313093798E+02   -0.134530830257904697E+02   -0.200895043627267410E+04
    0.230502310139806832E+04    0.350211962169590540E+01   -0.300732582831086170E+00    0.631854563055340046E+00    0.104998951521480510E+01    0.299897537577464313E+01   -0.309890344624991023E+02    0.498982876838256857E+02   -0.200893106386453678E+04
    0.230523867763688850E+04    0.349413485404495727E+01   -0.301170681069945156E+00    0.630187338469506808E+00    0.104994724453806398E+01    0.299995862445386630E+01    0.187259284987759713E+02    0.265045224911909827E+02   -0.200891422287874389E+04
    0.230530815115156838E+04    0.349198575211233653E+01   -0.300364232868433223E+00    0.628533270575995173E+00    0.104989317051812514E+01    0.299991156515647228E+01   -0.259113062342333578E+02    0.179739432929246448E+02   -0.200888262947739827E+04
    0.230550773050031830E+04    0.344154994666115233E+01   -0.300545233066927264E+00    0.631762171573809317E+00    0.104997884823752785E+01    0.299999498151732569E+01    0.133721290866903857E+02    0.253003461677703001E+01   -0.200886882239713918E+04
    0.230476785473968175E+04    0.350741282849722902E+01   -0.300240478853729009E+00    0.621772154703400859E+00    0.104993327853516982E+01    0.299937208658638044E+01    0.356284638446093282E+02    0.401702615498829090E+02   -0.200884181128349428E+04
    0.230503423584654320E+04    0.346474329729123554E+01   -0.299967282365789734E+00    0.633131405255971780E+00    0.104992429815240018E+01    0.299936157434646722E+01   -0.143856527660444939E+02   -0.264419848781814864E+02   -0.200884003995362150E+04
    0.230487376176929683E+04    0.348038305317840724E+01   -0.299991827936741007E+00    0.626231160454301383E+00    0.104994894526481475E+01    0.299902040222791122E+01   -0.689571560353389401E+01   -0.328885725499537145E+02   -0.200882909561111001E+04
    0.230414831253998773E+04    0.351017489801337312E+01   -0.300020109280562663E+00    0.625652410348960686E+00    0.104993925780196240E+01    0.299949119932462960E+01    0.476808350839274908E+01    0.347335107299559667E+02   -0.200880779922016245E+04
    0.230524241417087387E+04    0.348723880480892978E+01   -0.300258843135425113E+00    0.623692550345078534E+00    0.104994468106554995E+01    0.299962103504398536E+01    0.176971103336782676E-01   -0.209431642766913271E+02   -0.200879608842804942E+04
    0.230510680585357113E+04    0.350103179714034507E+01   -0.301112216460633464E+00    0.629509777095046630E+00    0.104992843997460406E+01    0.299999857520855073E+01    0.294075465222659318E+02    0.407406338519526514E+02   -0.200878626958557288E+04
    0.230492260713242285E+04    0.344561178265569090E+01   -0.300814441639519592E+00    0.629495902536774787E+00    0.104998328125696805E+01    0.299985899182942539E+01    0.113941563908583987E+01    0.423731048669628763E+02   -0.200875650430199516E+04
    0.230485827468081879E+04    0.348450373001626090E+01   -0.300536241020861628E+00    0.631632695156974622E+00    0.104998537651111423E+01    0.299881064170854250E+01    0.243420587846435410E+02    0.241278791027336723E+02   -0.200873666642360627E+04
    0.230495063071274126E+04    0.345980007467069317E+01   -0.300006062148898411E+00    0.624483622308199426E+00    0.104998275829602838E+01    0.299996897691440001E+01   -0.344162463882956473E+02   -0.304349704663487834E+02   -0.200871042565015364E+04
    0.230425410958301018E+04    0.351465879909844681E+01   -0.300104978842624104E+00    0.622288407365385376E+00    0.104989903235186377E+01    0.299988752810517623E+01    0.316183618101254496E+02   -0.420318253114355755E+02   -0.200868109972617708E+04
    0.230509191026695862E+04    0.350807574179610082E+01   -0.300650829156846822E+00    0.622774137170165165E+00    0.104997980096258936E+01    0.299954439961005592E+01   -0.619571516520760213E+01    0.255394629481285875E+02   -0.200866208643232608E+04
    0.230424469187896830E+04    0.349569206632119123E+01   -0.300542401990520902E+00    0.635407533618448372E+00    0.104999282565365215E+01    0.299998728702588036E+01    0.614240394336794537E+01   -0.135184797953017366E+02   -0.200864269546536411E+04
    0.230425854835996051E+04    0.349438503236113984E+01   -0.299932576923121752E+00    0.623099312667201088E+00    0.104996173024724371E+01    0.299990987874493076E+01   -0.453963172436752416E+02   -0.727939803960280329E+01   -0.200863526003345692E+04
    0.230429078479078225E+04    0.348840907170918069E+01   -0.300305506147581336E+00    0.628309621986195999E+00    0.104993735253232701E+01    0.299953136802736831E+01   -0.217473488634347412E+02    0.244050194112251972E+02   -0.200862837519386699E+04
    0.230443891202212853E+04    0.348169244820949597E+01   -0.300704946881458324E+00    0.632452397732634841E+00    0.104992694827430988E+01    0.299984551159748181E+01   -0.108622508664184565E+02    0.148532901224999137E+02   -0.200862481191321308E+04
    0.230464851871375140E+04    0.348343216913347398E+01   -0.300513220850488649E+00    0.623805044365272732E+00    0.104994097418395826E+01    0.299974976762667556E+01    0.230088518562306774E+02   -0.437618114251386530E+02   -0.200861743759708497E+04
    0.230524469404241381E+04    0.348996089268567378E+01   -0.300147181450298506E+00    0.634178047836694181E+00    0.104998930226911269E+01    0.299961712541815162E+01    0.231416764254094147E+02    0.236622119170078520E+02   -0.200860236307673563E+04
    0.230474214278033378E+04    0.347900277876324004E+01   -0.301747021334568377E+00    0.629612359868604976E+00    0.104994811103504548E+01    0.299985679072451372E+01   -0.275624487442341426E+02    0.413659502594190656E+02   -0.200858292435082103E+04
    0.230492427997014238E+04    0.347727220978532969E+01   -0.300605073593358973E+00    0.628119820816862351E+00    0.104989314016496293E+01    0.299969691405594752E+01   -0.143454017191182359E+02    0.421186077590795378E+02   -0.200856742551210891E+04
    0.230507180075900715E+04    0.347931043808402052E+01   -0.300222642925032035E+00    0.631990657587222948E+00    0.104996180552651497E+01    0.299889069758520854E+01   -0.336891984068527677E+02    0.418482346825981040E+02   -0.200854129328596582E+04
    0.230497529721829324E+04    0.344371941143072613E+01   -0.300317799555830212E+00    0.634840950531783577E+00    0.104996430171512301E+01    0.299963555787783553E+01   -0.957133367247804046E+01   -0.124646772537264212E+02   -0.200853470408607018E+04
    0.230503058025625432E+04    0.345297581295181288E+01   -0.300164854716143403E+00    0.635780132291974165E+00    0.104996771796654298E+01    0.299947795420245633E+01    0.239622776175190921E+01   -0.447257546174178344E+02   -0.200849773959538334E+04
    0.230479853316579647E+04    0.344948505169125674E+01   -0.300503213948219272E+00    0.630556523360209953E+00    0.104994640560931041E+01    0.299991900754997509E+01   -0.135643063095364482E+02    0.433612338139936071E+01   -0.200847905815800709E+04
    0.230478322028456023E+04    0.344066544084187420E+01   -0.300947842535218946E+00    0.631925324192629256E+00    0.104999824990495672E+01    0.299994975166173994E+01   -0.332662932243971667E+02   -0.309960247365169934E+02   -0.200847379272622038E+04
    0.230447181495515997E+04    0.346755355076348248E+01   -0.300327172999203307E+00    0.629170580722357320E+00    0.104994745092680408E+01    0.299974446896880043E+01   -0.481883188435757219E+02    0.336699664873672617E+02   -0.200846249746435615E+04
    0.230457101440738188E+04    0.350656546326142493E+01   -0.301926031789776006E+00    0.624120812733286345E+00    0.104997034850005955E+01    0.299991694889203275E+01    0.580944789166444053E+01    0.165769433747495185E+02   -0.200844336614749523E+04
    0.230472962320999113E+04    0.348354267611808499E+01   -0.300307537540080827E+00    0.630437485464425906E+00    0.104997503042033413E+01    0.299895955202936770E+01    0.875708663416801869E+01   -0.242867397886102694E+02   -0.200843286905476657E+04
    0.230475506578212617E+04    0.349661859893189986E+01   -0.300484723628139494E+00    0.627458975292768173E+00    0.104993753182521132E+01    0.299905783493534672E+01   -0.181267969940770755E+02   -0.391330935160491578E+02   -0.200842537154643969E+04
    0.230465970938959708E+04    0.349688350555702332E+01   -0.301821022346432988E+00    0.624973761866544075E+00    0.104999421106090085E+01    0.299952194616468226E+01    0.307719450416163909E+01   -0.158773001745685249E+02   -0.200839813505702750E+04
    0.230411322903870041E+04    0.350212915221366661E+01   -0.300118280599050713E+00    0.624795414211013700E+00    0.104997870602421051E+01    0.299946710664576655E+01    0.829697105978188887E+01    0.282374836411491685E+02   -0.200838252813611984E+04
    0.230521688462803831E+04    0.350531770927628639E+01   -0.299838783519937035E+00    0.626963155906895775E+00    0.104995437374795375E+01    0.299992509354746772E+01   -0.271197407634376475E+01   -0.301673391640674637E+02   -0.200835778639258297E+04
    0.230442941914940729E+04    0.346767796245552740E+01   -0.300654567553698626E+00    0.636063810227128767E+00    0.104999758118323649E+01    0.299995050340833513E+01   -0.427896173923301859E+01   -0.444430294352908959E+02   -0.200835693395985481E+04
    0.230483276978810500E+04    0.348700192202382553E+01   -0.300082476575829371E+00    0.628116606188193538E+00    0.104995430492631447E+01    0.299889146577759114E+01    0.980198196870847482E+01   -0.455206895279061996E+01   -0.200834070298162146E+04
    0.230454414176259252E+04    0.350394123147964631E+01   -0.300446258790729170E+00    0.626594622939633306E+00    0.104987371687089248E+01    0.299975816296281561E+01    0.149348644553831065E+02   -0.122775725748369027E+02   -0.200832831315522299E+04
    0.230460458809036209E+04    0.348495082867143324E+01   -0.300246415702584646E+00    0.623818974174580543E+00    0.104995460858609468E+01    0.299966453667489708E+01   -0.176310881327179985E+02    0.158150708556961916E+01   -0.200828454904816090E+04
    0.230488925522967202E+04    0.348274635147519707E+01   -0.300921739386219467E+00    0.627836498858694192E+00    0.104992633301919280E+01    0.299966021219708834E+01    0.177606990146356054E+02   -0.265355160745167922E+02   -0.200826074076142436E+04
    0.230456304202840238E+04    0.349751105485216129E+01   -0.300121911759596016E+00    0.626511669261563764E+00    0.104985974023040218E+01    0.299963840142566962E+01    0.291741107066504810E+02   -0.127806922872384234E+02   -0.200824698875583022E+04
    0.230538831915404990E+04    0.346052269624682962E+01   -0.300564114808793803E+00    0.631002738304394906E+00    0.104999444867895919E+01    0.299951202935716665E+01   -0.285976983016837174E+02   -0.493822284720899845E+02   -0.200819431443581766E+04
    0.230489041710367246E+04    0.350029468690489765E+01   -0.301346284347398630E+00    0.631287464216480410E+00    0.104999746987008891E+01    0.299950849089647553E+01   -0.482825972676071871E+02   -0.214308612459922543E+02   -0.200818421683676524E+04
    0.230515001816501808E+04    0.345421242272304596E+01   -0.300587197590002519E+00    0.634573249339333345E+00    0.104997393867198596E+01    0.299980060325584796E+01    0.471020737432040448E+01   -0.420918560706698699E+02   -0.200812916845395057E+04
    0.230499993507005229E+04    0.348102088381311292E+01   -0.300561302692131993E+00    0.629253233916857502E+00    0.104993360975069439E+01    0.299947118896125797E+01   -0.432308460572883320E+02   -0.115304123592904091E+02   -0.200810455590277820E+04
    0.230472862934368914E+04    0.344698539289683392E+01   -0.299936855676091074E+00    0.632065523222187453E+00    0.104997938605431029E+01    0.299998836582502371E+01    0.399384150198857384E+02   -0.318143600783692406E+02   -0.200808718068369126E+04
    0.230494929212646230E+04    0.350267180842423587E+01   -0.300698532319466083E+00    0.630698561750349662E+00    0.104997167009474879E+01    0.299960809377638693E+01   -0.213806590621319685E+02   -0.447272658941756589E+02   -0.200807343123898249E+04
    0.230498905428444414E+04    0.346541591436053453E+01   -0.300581286673555270E+00    0.633418680080060859E+00    0.104996829648110079E+01    0.299958801763268923E+01   -0.653695676305011375E+01    0.188049666908293744E+02   -0.200807050251499959E+04
    0.230411052047499425E+04    0.349438080569546816E+01   -0.300980775908961440E+00    0.625607015562975377E+00    0.104998293767820061E+01    0.299992146040322227E+01   -0.345573186266646672E+02    0.973175437176890767E+01   -0.200806591689427842E+04
    0.230508599700863988E+04    0.348155652867265530E+01   -0.300658265285795923E+00    0.630652374230559865E+00    0.104992976449706976E+01    0.299981127888202304E+01    0.614003506228441864E+01    0.916091160069095878E+01   -0.200805671803414111E+04
    0.230439938884417097E+04    0.346195088799233552E+01   -0.300446671436745527E+00    0.632816510905285234E+00    0.104999638566116604E+01    0.299979982480119256E+01   -0.575559657259737634E+01    0.890824767469374024E+01   -0.200803066627823523E+04
    0.230497781511360563E+04    0.349316730004083054E+01   -0.301011978093090216E+00    0.627073682252296871E+00    0.104995786980584538E+01    0.299996777616315846E+01    0.352769651285472179E+02   -0.370549249234982767E+02   -0.200738867329889285E+04
    0.230465058657211648E+04    0.349374009428237287E+01   -0.299960169338095495E+00    0.624260284466802373E+00    0.104999860990909100E+01    0.299984620168766236E+01   -0.373407479107583100E+02   -0.293585251832350913E+02   -0.200653650767777413E+04
    0.230465058657211648E+04    0.349374009428237287E+01   -0.299960169338095495E+00    0.624260284466802373E+00    0.104999860990909100E+01    0.299984620168766236E+01   -0.373407479107583100E+02   -0.293585251832350913E+02   -0.200653650767777413E+04
    0.230483245361570789E+04    0.349610343043808758E+01   -0.300830738549073495E+00    0.625333819377957179E+00    0.104994372549155290E+01    0.299957946534523590E+01   -0.202350675758679444E+01    0.301931239900967796E+01   -0.200785697885603781E+04
    0.230475977487049840E+04    0.350940188821175436E+01   -0.299902194868048089E+00    0.625718064983048716E+00    0.104998167789732944E+01    0.299979013289825458E+01    0.412145458640162587E+02   -0.354399435465797836E+02   -0.200740413243006560E+04
    0.230463769280950601E+04    0.349353968228171796E+01   -0.300062865323661832E+00    0.632124774935760803E+00    0.104992912551892048E+01    0.299980246600911826E+01    0.284032526123557290E+02   -0.246734019131311584E+02   -0.200745544174204542E+04
    0.230414440058951232E+04    0.349126228085009860E+01   -0.300297633523143037E+00    0.623997402609290264E+00    0.104999932455499390E+01    0.299990258817011224E+01    0.297941721482262096E+02    0.497964699818591754E+02   -0.200766728646571801E+04
    0.230444893743712237E+04    0.351157285129588370E+01   -0.300039206128835556E+00    0.627274338297343581E+00    0.104993738910456913E+01    0.299992409240359681E+01   -0.850811374788856511E+01   -0.139047333903869372E+02   -0.200741624760899981E+04
    0.230487622335801143E+04    0.349604792954505594E+01   -0.301143303175223254E+00    0.626753265477205668E+00    0.104996022941176914E+01    0.299951137812947843E+01    0.488811269721074382E+02   -0.110384316891323522E+02   -0.200788487297195957E+04
    0.230481065521735309E+04    0.350210891254599721E+01   -0.300031203205933239E+00    0.625464344204460287E+00    0.104995597403952057E+01    0.299984542113793529E+01    0.327484116080667178E+02    0.144127932899167774E+02   -0.200647491370949319E+04
    0.230481065521735309E+04    0.350210891254599721E+01   -0.300031203205933239E+00    0.625464344204460287E+00    0.104995597403952057E+01    0.299984542113793529E+01    0.327484116080667178E+02    0.144127932899167774E+02   -0.200647491370949319E+04
    0.230460920632578836E+04    0.349789329750561606E+01   -0.300323535935194952E+00    0.624995297415067430E+00    0.104995818533824870E+01    0.299985934555308864E+01   -0.468823358828790901E+02   -0.275789269417658893E+02   -0.200661216855947691E+04
    0.230460920632578836E+04    0.349789329750561606E+01   -0.300323535935194952E+00    0.624995297415067430E+00    0.104995818533824870E+01    0.299985934555308864E+01   -0.468823358828790901E+02   -0.275789269417658893E+02   -0.200661216855947691E+04
    0.230460920632578836E+04    0.349789329750561606E+01   -0.300323535935194952E+00    0.624995297415067430E+00    0.104995818533824870E+01    0.299985934555308864E+01   -0.468823358828790901E+02   -0.275789269417658893E+02   -0.200661216855947691E+04
    0.230464269033897926E+04    0.349450999117904981E+01   -0.300425243180827306E+00    0.627231123137955593E+00    0.104992938331218766E+01    0.299957412146036884E+01    0.357631762612897575E+02    0.410061139622072091E+02   -0.200757054382882961E+04
    0.230466900757245139E+04    0.349652104775992667E+01   -0.300414579846578378E+00    0.622823398327492672E+00    0.104992695186380747E+01    0.299994119023441153E+01    0.475224314434412918E+02    0.370766878555481014E+02   -0.200771039396244760E+04
    0.230429097986949591E+04    0.351000148328374895E+01   -0.300361502123152546E+00    0.624393163781170601E+00    0.104996303752323406E+01    0.299996265447526422E+01   -0.707085007450460523E+01   -0.440015743946236384E+02   -0.200719367311843553E+04
    0.230441098336942468E+04    0.348156550908729168E+01   -0.301076452861016308E+00    0.630491307610446139E+00    0.104999086927255059E+01    0.299980001205074576E+01    0.349740766710662285E+02    0.424165125735861892E+02   -0.200775682031866972E+04
    0.230481463370368238E+04    0.348391440684694764E+01   -0.300989114735967622E+00    0.629621161587967770E+00    0.104999199198965543E+01    0.299948389445316543E+01    0.420099185936325767E+02   -0.305805833216055554E+02   -0.200754730607644319E+04
    0.230471401683056183E+04    0.350344976151652165E+01   -0.300855730602461513E+00    0.625604069428612242E+00    0.104996052414878482E+01    0.299992881488007468E+01   -0.260738960536254645E+02    0.815313583494911853E+01   -0.200710695950106174E+04
    0.230471401683056183E+04    0.350344976151652165E+01   -0.300855730602461513E+00    0.625604069428612242E+00    0.104996052414878482E+01    0.299992881488007468E+01   -0.260738960536254645E+02    0.815313583494911853E+01   -0.200710695950106174E+04
    0.230475141906870431E+04    0.348306685008594918E+01   -0.300046881456822345E+00    0.623447155005290465E+00    0.104994104020277979E+01    0.299989670463264169E+01   -0.369981696330797405E+02    0.307903235852541428E+02   -0.200792542844260697E+04
    0.230485651813342793E+04    0.350415788986080345E+01   -0.300454895785212339E+00    0.628791080075382869E+00    0.104998652453084862E+01    0.299978866373759834E+01    0.927994070848303920E+01    0.698299858107230875E+01   -0.200695927051579724E+04
    0.230485651813342793E+04    0.350415788986080345E+01   -0.300454895785212339E+00    0.628791080075382869E+00    0.104998652453084862E+01    0.299978866373759834E+01    0.927994070848303920E+01    0.698299858107230875E+01   -0.200695927051579724E+04
    0.230489281951734756E+04    0.348208379479177310E+01   -0.300278094924299133E+00    0.625611802296622277E+00    0.104995663487869617E+01    0.299981382741438063E+01    0.228891767889859636E+02   -0.405478026801987710E+02   -0.200735394980918159E+04
    0.230471668762443733E+04    0.349951089891568623E+01   -0.300291807814739520E+00    0.629516762603630209E+00    0.104995233296439650E+01    0.299960442772875169E+01   -0.237543470119611300E+01   -0.806962181705107895E+01   -0.200699015883666925E+04
    0.230471668762443733E+04    0.349951089891568623E+01   -0.300291807814739520E+00    0.629516762603630209E+00    0.104995233296439650E+01    0.299960442772875169E+01   -0.237543470119611300E+01   -0.806962181705107895E+01   -0.200699015883666925E+04
    0.230477977632661850E+04    0.349160305395179993E+01   -0.300896880750572915E+00    0.627986076216601408E+00    0.104992210561307209E+01    0.299992172603414264E+01   -0.238199237004851803E+02    0.327743324985264053E+02   -0.200757642708121170E+04
    0.230465439378552492E+04    0.350060059956776204E+01   -0.300657618508443747E+00    0.630092361902968356E+00    0.104995696180543097E+01    0.299990517812991708E+01   -0.333199852524184337E+02   -0.425144080704074341E+02   -0.200704237109226756E+04
    0.230465439378552492E+04    0.350060059956776204E+01   -0.300657618508443747E+00    0.630092361902968356E+00    0.104995696180543097E+01    0.299990517812991708E+01   -0.333199852524184337E+02   -0.425144080704074341E+02   -0.200704237109226756E+04
    0.230518066269092833E+04    0.349212551097931190E+01   -0.300615395737780788E+00    0.628899546416595179E+00    0.104998164641422420E+01    0.299980122703756269E+01   -0.601438608631747940E+01   -0.201654359190696084E+02   -0.200743638813533084E+04
    0.230465927871265194E+04    0.348638819199169969E+01   -0.300858209173293145E+00    0.626694907424978576E+00    0.104995755596812845E+01    0.299980755485944428E+01   -0.101609553707766551E+02    0.274940428851502361E+02   -0.200750302445683792E+04
    0.230435604772523902E+04    0.351249586242849210E+01   -0.300297984865866729E+00    0.628606609099888525E+00    0.104997366300460704E+01    0.299990836829165586E+01   -0.229575139127342958E+02    0.276217896773100762E+02   -0.200761867855854780E+04
    0.230470137735886874E+04    0.350404480056473577E+01   -0.300365766664697498E+00    0.628139044599055341E+00    0.104997186441640000E+01    0.299980912243133258E+01    0.440867290196786712E+02    0.394700010421734220E+02   -0.200671410589122570E+04
    0.230470137735886874E+04    0.350404480056473577E+01   -0.300365766664697498E+00    0.628139044599055341E+00    0.104997186441640000E+01    0.299980912243133258E+01    0.440867290196786712E+02    0.394700010421734220E+02   -0.200671410589122570E+04
    0.230479646062148549E+04    0.350532759686159912E+01   -0.300260383688483568E+00    0.627459832371233484E+00    0.104997110949660999E+01    0.299953476805429675E+01   -0.407072734812946351E+02   -0.317037459628669183E+01   -0.200714929851067905E+04
    0.230507577875250263E+04    0.349388639322478367E+01   -0.300100996046641866E+00    0.629125775586670932E+00    0.104994719028259853E+01    0.299929365833036021E+01   -0.473915094293935368E+02   -0.261749940725783929E+02   -0.200755451346709674E+04
    0.230505123427973103E+04    0.345901584207325818E+01   -0.300723677136359724E+00    0.629183919510962086E+00    0.104999404721687517E+01    0.299987783665202201E+01   -0.881635071885693122E+01    0.491096406317245879E+02   -0.200760710256779726E+04
    0.230533750252254913E+04    0.344886423854215440E+01   -0.300187152503491039E+00    0.633435528779929813E+00    0.104997837921099468E+01    0.299993674118985387E+01   -0.109152792095126969E+02    0.467933940858171695E+02   -0.200780506048362099E+04
    0.230463414215280773E+04    0.347112944530149381E+01   -0.300180886622590737E+00    0.629732224345395664E+00    0.104995921904116907E+01    0.299956198481128089E+01   -0.235159230804040824E+02    0.831886397707570779E+01   -0.200781107608503930E+04
    0.230483004530388007E+04    0.346490166282958389E+01   -0.301165842944736029E+00    0.629677787953551560E+00    0.104998508499067933E+01    0.299993267056623436E+01    0.793960900024259786E+00    0.288455389741257733E+02   -0.200769061810974995E+04
    0.230502213927289722E+04    0.345289553367898971E+01   -0.300289192299643848E+00    0.632601657244943993E+00    0.104998677201068036E+01    0.299993319743548392E+01   -0.253905960408928308E+02   -0.319043496540823668E+02   -0.200708659673839952E+04
    0.230479108262510408E+04    0.348497997923546210E+01   -0.299990777067308367E+00    0.635098670744684846E+00    0.104995979770638614E+01    0.299983290992106433E+01   -0.489739788346783271E+02    0.126996615128470793E+02   -0.200798093571311210E+04
    0.230468752987511652E+04    0.348163763941351823E+01   -0.300903486438701018E+00    0.630448492344424016E+00    0.104999539969726685E+01    0.299962448510541480E+01   -0.267375246137534859E+02   -0.487914907580748576E+02   -0.200732569511242536E+04
    0.230479434693494841E+04    0.346970069375573065E+01   -0.300888558966504016E+00    0.631219627925504678E+00    0.104999958472380639E+01    0.299982966614817270E+01   -0.177704170660821745E+02    0.325656028142788898E+02   -0.200712236536677278E+04
    0.230460380364161847E+04    0.349525621675022702E+01   -0.301045163914539615E+00    0.632588737148113589E+00    0.104998126979368700E+01    0.299994080995189139E+01   -0.425216349647703851E+01   -0.210948376691313655E+01   -0.200767780894293537E+04
    0.230443623031143079E+04    0.347866163764207581E+01   -0.300319561130139800E+00    0.631289533874573650E+00    0.104999912889779989E+01    0.299997187724889125E+01   -0.138349375065212854E+02    0.316641492068535086E+02   -0.200635031319426548E+04
    0.230443623031143079E+04    0.347866163764207581E+01   -0.300319561130139800E+00    0.631289533874573650E+00    0.104999912889779989E+01    0.299997187724889125E+01   -0.138349375065212854E+02    0.316641492068535086E+02   -0.200635031319426548E+04
    0.230443623031143079E+04    0.347866163764207581E+01   -0.300319561130139800E+00    0.631289533874573650E+00    0.104999912889779989E+01    0.299997187724889125E+01   -0.138349375065212854E+02    0.316641492068535086E+02   -0.200635031319426548E+04
    0.230445297376955114E+04    0.348941196942660481E+01   -0.300856202795252770E+00    0.628053106558628338E+00    0.104996725039873762E+01    0.299971700746648207E+01   -0.393493073775367108E+02    0.399417970278896632E+02   -0.200762275425997336E+04
    0.230476328504790399E+04    0.347861434751224330E+01   -0.300343298210709098E+00    0.627242101963414012E+00    0.104999073363421580E+01    0.299934174049720115E+01   -0.391503831408117406E+02    0.144710784065589309E+02   -0.200769613928645049E+04
    0.230535171762019218E+04    0.347400712738375095E+01   -0.300094572166782037E+00    0.631349696038772112E+00    0.104995188648452453E+01    0.299985272617736021E+01    0.360251776599341866E+02    0.493496782540188548E+02   -0.200802653243192822E+04
    0.230461658485494718E+04    0.348316392419404508E+01   -0.300795301754472111E+00    0.630584786963112931E+00    0.104999998586587573E+01    0.299983514750371771E+01    0.111924822725735140E+02   -0.387055833986935482E+02   -0.200672803408383515E+04
    0.230461658485494718E+04    0.348316392419404508E+01   -0.300795301754472111E+00    0.630584786963112931E+00    0.104999998586587573E+01    0.299983514750371771E+01    0.111924822725735140E+02   -0.387055833986935482E+02   -0.200672803408383515E+04
    0.230529709770615818E+04    0.345948351364897988E+01   -0.300195156511806116E+00    0.630788281479913171E+00    0.104996795110794294E+01    0.299995904579564865E+01    0.421280931132156269E+02   -0.353537244282589711E+02   -0.200764675372677129E+04
    0.230472226313034571E+04    0.347519340353508621E+01   -0.301006691783052616E+00    0.627507523117798671E+00    0.104999577174970793E+01    0.299960017939433676E+01   -0.394837475303835106E+01    0.394835263205146560E+02   -0.200795645287186039E+04
