    0.190637510357063184E+04    0.442072612957492961E+01   -0.255380898086806085E-01    0.252019318989689822E+00   -0.200928228638222208E+02
    0.198101567421404889E+04    0.428591983182645375E+01   -0.145587510177361323E+00    0.135132888640473930E+00   -0.190151277384550532E+02
    0.195785003248541057E+04    0.437855935801790075E+01    0.297216074571859390E+00    0.432078476110335674E+00   -0.188869144557777666E+02
    0.197450508473180662E+04    0.418514616794197103E+01   -0.843699527005021821E-01    0.387781006380060633E+00   -0.187431054658504408E+02
    0.188150978448506771E+04    0.337149218425686037E+01    0.640925780245171772E-02    0.511133930624177335E+00   -0.186299551789095936E+02
    0.191310651203610405E+04    0.475045840332925806E+01    0.306694314518481947E-01    0.134043333250891211E+00   -0.185233056374385612E+02
    0.188193255809172433E+04    0.366864062659350987E+01    0.128425636007321486E+00    0.635009113819059778E+00   -0.180539709742715395E+02
    0.190241422653198242E+04    0.302159535884857178E+01   -0.193643361330032349E+00    0.209118944406509411E+00   -0.180391685783944737E+02
    0.195338108450068717E+04    0.472206381510668560E+01    0.169391866008766767E-01    0.355284428949818820E+00   -0.179259446025050231E+02
    0.196583747627769617E+04    0.342903411505109368E+01   -0.216599514980758356E+00    0.546866786734701460E+00   -0.177662835866016842E+02
    0.188690594809779122E+04    0.448137384625243307E+01   -0.206144565578259720E+00    0.285466395253291205E+00   -0.173698514901009524E+02
    0.189529478240256503E+04    0.482037799890651897E+01   -0.180619975453278070E+00    0.364861949449052148E+00   -0.172999123175647753E+02
    0.188177572134847992E+04    0.329260276237700156E+01   -0.185924783548251871E+00    0.180529209384301864E+00   -0.172779615869704060E+02
    0.190834628989303292E+04    0.402865888479299006E+01   -0.613675555766657332E-01    0.216470171428403968E+00   -0.172509567503262922E+02
    0.186061530110424383E+04    0.340531966103975448E+01   -0.288324360638180233E-01    0.558022947096353250E+00   -0.171944220866329118E+02
    0.191118028475345614E+04    0.414373743621371826E+01   -0.491250865830515304E+00    0.321736860604330877E+00   -0.170517557757038780E+02
    0.190567557359825673E+04    0.452777574446769648E+01   -0.424222427328062757E+00    0.127337082665894136E+00   -0.169328391650627914E+02
    0.188058900833129883E+04    0.307403922080993652E+01   -0.144724696874618530E+00    0.141409116983413713E+00   -0.169191652921176683E+02
    0.198085448946588986E+04    0.449615720351646697E+01   -0.164346760657116620E+00    0.250108403986171735E+00   -0.168312642671764969E+02
    0.190155357697117620E+04    0.474487388037299507E+01   -0.323804472290490364E+00    0.133775791667290977E+00   -0.167871076821109924E+02
    0.190235884735865375E+04    0.312129863513702333E+01   -0.325121873724235178E+00    0.269953952821486931E+00   -0.167863427871979631E+02
    0.193901287657213015E+04    0.499088504629076368E+01   -0.147099514837698342E+00    0.252452535752346496E+00   -0.166349103134843546E+02
    0.190908222263600669E+04    0.490174867429890426E+01   -0.468883019195895145E+00    0.116508093218868708E+00   -0.164960546539069988E+02
    0.192410057716932170E+04    0.466370409871522718E+01   -0.243159827234888715E+00    0.389542912687182663E+00   -0.164861088615550315E+02
    0.184932877041954930E+04    0.312561473785730914E+01   -0.115764868066902893E+00    0.639598018511255639E+00   -0.164595836600229575E+02
    0.194343914067423884E+04    0.465028418169243274E+01   -0.495533825289249275E+00    0.441287252025158061E+00   -0.162952698036103634E+02
    0.198856687545776367E+04    0.423756074905395508E+01   -0.302244484424591064E+00    0.284048438072204590E+00   -0.162703906265412321E+02
    0.186954676066023467E+04    0.342387389313030566E+01    0.150081931602146224E-01    0.593431582233222454E+00   -0.162393250341457502E+02
    0.191898886846390224E+04    0.454891382775474895E+01   -0.546780736410616974E-01    0.550446501785297526E+00   -0.162076417187442274E+02
    0.194406913827507697E+04    0.367978595572841316E+01   -0.219655065831245055E+00    0.385667210338751176E+00   -0.161957248383909729E+02
    0.188171387982262968E+04    0.393118930178826798E+01   -0.453027895728422558E+00    0.337380741266802564E+00   -0.161603573257128659E+02
    0.193338829032603462E+04    0.465399596200616639E+01   -0.498743910536094237E+00    0.370784089395364891E+00   -0.161462390319419598E+02
    0.199664749613796653E+04    0.394866834346583007E+01   -0.455790082751080128E+00    0.339917525816387234E+00   -0.161445101340358761E+02
    0.192062763256558446E+04    0.384360966282797323E+01   -0.200325660489150070E+00    0.156162089002509163E+00   -0.161235776288475101E+02
    0.193920896391282258E+04    0.338691921230823034E+01   -0.173678884467399708E+00    0.134664311183886803E+00   -0.161161187358140801E+02
    0.192417411793213159E+04    0.331149176066989170E+01   -0.271392769191595107E+00    0.400864078609345365E+00   -0.160578170627521217E+02
    0.198445134145610950E+04    0.488636462014386552E+01   -0.131801327956747705E+00    0.187608068049628818E+00   -0.160283429010626719E+02
    0.185845519364849520E+04    0.355375066256595762E+01   -0.130217540822243516E+00    0.528827581590003870E+00   -0.160142296539818858E+02
    0.196836009119466644E+04    0.371231365315506068E+01   -0.334172824350276731E+00    0.233028371566857045E+00   -0.160125707404651116E+02
    0.197405509763746522E+04    0.492090563113473856E+01   -0.146513427453055844E+00    0.220988419943835751E+00   -0.160051602704294318E+02
    0.186684925874767032E+04    0.314914603760433254E+01   -0.123722407911597554E+00    0.687292116384519036E+00   -0.159934004942228203E+02
    0.190616329239871698E+04    0.483275181907965656E+01   -0.368136491314369207E+00    0.290681747190555673E+00   -0.159795196784174109E+02
    0.195588103468991767E+04    0.445733464576019855E+01   -0.284188835780290860E+00    0.300876274088531015E+00   -0.159413878002102738E+02
    0.191201718934297810E+04    0.424887214153493353E+01   -0.312339628724611407E+00    0.285569400871760526E+00   -0.159364115710934175E+02
    0.191941496940403749E+04    0.494196665525491063E+01   -0.314674811820162437E+00    0.140646539154185013E+00   -0.159302319023276073E+02
    0.195919246673583984E+04    0.415699958801269531E+01   -0.465151935815811157E+00    0.363736927509307861E+00   -0.158932904421855881E+02
    0.197792316134476459E+04    0.497647708155405599E+01    0.100354767907555598E-01    0.295595177527229747E+00   -0.158427748394353340E+02
    0.193137237972355001E+04    0.431795087865124039E+01   -0.288244951097169577E+00    0.293043512278578944E+00   -0.158042799595099144E+02
    0.191202700086521486E+04    0.372758859220660677E+01   -0.278598389356591536E+00    0.352339674237626799E+00   -0.158033438312195678E+02
    0.197701932522608536E+04    0.386788999997684257E+01   -0.385714080078512156E+00    0.448300407980805282E+00   -0.158029592582251635E+02
    0.192690508580827827E+04    0.479825424197676398E+01   -0.263933595170300739E+00    0.370055161530938870E+00   -0.158000198673175465E+02
    0.187805535838132960E+04    0.379208791075296503E+01   -0.287241148055231876E+00    0.683677510799203469E+00   -0.157937810663677265E+02
    0.190990619659423828E+04    0.401042973995208740E+01   -0.256315678358078003E+00    0.278889024257659934E+00   -0.157854319783791901E+02
    0.194639706728336682E+04    0.318113451623811194E+01   -0.161398960014932424E+00    0.147256521210539587E+00   -0.157699820702323272E+02
    0.193009658571669570E+04    0.484755286027093213E+01    0.603403333174549195E-01    0.302266719798693240E+00   -0.157014663452234089E+02
    0.198747963379398379E+04    0.436594330355586280E+01   -0.212506503891746190E+00    0.452662729832751243E+00   -0.156944827502827025E+02
    0.192134121326443710E+04    0.458668760671038367E+01   -0.338638847068644055E+00    0.273017567883460766E+00   -0.156783536996115505E+02
    0.193167656671497502E+04    0.475725749615573612E+01   -0.356031882707375069E+00    0.332323549495705195E+00   -0.156621942912715131E+02
    0.187368108650446061E+04    0.326327355232245075E+01   -0.136014617162583284E+00    0.682253633495115031E+00   -0.156605686152054382E+02
    0.192046812007114863E+04    0.456940578305576572E+01   -0.122437619659515828E+00    0.553127675149695408E+00   -0.156589309625319189E+02
    0.184853817465799057E+04    0.306636219474870675E+01   -0.243704503072510681E+00    0.640342215907683920E+00   -0.156003270349602996E+02
    0.189629540446393025E+04    0.326031011395339032E+01   -0.276507400199312470E+00    0.501069973919261891E+00   -0.155875078445931390E+02
    0.196311896333140271E+04    0.467223423654767878E+01   -0.222782781947162889E+00    0.246336978700283982E+00   -0.155721172303641353E+02
    0.196903534130429011E+04    0.475499023911422736E+01   -0.287716314821933605E+00    0.331942078625491577E+00   -0.155686168482741518E+02
    0.192348114295404480E+04    0.487084837473636867E+01   -0.391358730238110963E+00    0.199505159752123989E+00   -0.155291943803720827E+02
    0.196981172013930950E+04    0.464266578303616129E+01   -0.250966679097651635E+00    0.381687940645828117E+00   -0.155213647832394415E+02
    0.185663997727522224E+04    0.363071731074053972E+01   -0.205466407364689629E+00    0.516688763395861339E+00   -0.155180069093607287E+02
    0.185663997727522224E+04    0.363071731074053972E+01   -0.205466407364689629E+00    0.516688763395861339E+00   -0.155180069093607287E+02
    0.191724500487358796E+04    0.466887099200891509E+01   -0.378585059840092442E+00    0.250154348622996348E+00   -0.155154727445556393E+02
    0.192020934580093399E+04    0.491967076334401998E+01   -0.420813802939092318E+00    0.191370361145138113E+00   -0.155102880580412350E+02
    0.192020934580093399E+04    0.491967076334401998E+01   -0.420813802939092318E+00    0.191370361145138113E+00   -0.155102880580412350E+02
    0.191378591797246600E+04    0.317793750705678324E+01   -0.203165201773336690E+00    0.622066781602998442E+00   -0.154945914974805810E+02
    0.191317990738087678E+04    0.380920189698392786E+01   -0.284351437439707977E+00    0.698857208866969337E+00   -0.154943952713605935E+02
    0.192372307744453883E+04    0.431097293911853541E+01   -0.404406135130618349E+00    0.528200851450854048E+00   -0.154861550636721272E+02
    0.195959730374051333E+04    0.473963635232811953E+01   -0.371832206569624679E+00    0.553447083922906535E+00   -0.154850639216513688E+02
    0.193112837494367682E+04    0.444729418393831910E+01   -0.407451262113962820E+00    0.103859960941611443E+00   -0.154546530765082171E+02
    0.193112837494367682E+04    0.444729418393831910E+01   -0.407451262113962820E+00    0.103859960941611443E+00   -0.154546530765082171E+02
    0.195348268368976642E+04    0.446483945080082645E+01   -0.255371571945067544E+00    0.462212028512817730E+00   -0.154504285024086894E+02
    0.195348268368976642E+04    0.446483945080082645E+01   -0.255371571945067544E+00    0.462212028512817730E+00   -0.154504285024086894E+02
    0.192480681789755113E+04    0.428913308980258812E+01   -0.387447296926855866E+00    0.418662557996057338E+00   -0.154436042073786144E+02
    0.199768796132545344E+04    0.445625802159561069E+01   -0.441436562621771778E+00    0.344241967238848423E+00   -0.154329612194119470E+02
    0.199768796132545344E+04    0.445625802159561069E+01   -0.441436562621771778E+00    0.344241967238848423E+00   -0.154329612194119470E+02
    0.194848244325791734E+04    0.311096611737054829E+01   -0.679042315213050918E-01    0.150101270201888959E+00   -0.154292562330956162E+02
    0.195011730413329428E+04    0.471620293367945198E+01   -0.434469323548519304E+00    0.330952358784364686E+00   -0.154184461767069774E+02
    0.194906553172507643E+04    0.468519233986916905E+01   -0.176340288677030499E+00    0.561751566430547133E+00   -0.153795306626683370E+02
    0.191437966640372451E+04    0.433064846996913388E+01   -0.222333510349406294E+00    0.229894065477934506E+00   -0.153779332795481505E+02
    0.184415619262206337E+04    0.306254818727327605E+01   -0.317294635095325905E+00    0.498820771867682256E+00   -0.153736624784714895E+02
    0.191472600078325627E+04    0.336382902151253527E+01   -0.399304130203585239E+00    0.229402245013291983E+00   -0.153653443325329153E+02
    0.191472600078325627E+04    0.336382902151253527E+01   -0.399304130203585239E+00    0.229402245013291983E+00   -0.153653443325329153E+02
    0.194067798337216459E+04    0.479862728285828410E+01   -0.299927148782177022E+00    0.403666046120264133E+00   -0.153609564741913527E+02
    0.189075211274240314E+04    0.304469167877704328E+01   -0.198782298333160190E+00    0.346488432915365241E+00   -0.153530483040153829E+02
    0.189240833928631946E+04    0.402817646098070981E+01   -0.240950846667467411E+00    0.228399548218548076E+00   -0.153386446861550709E+02
    0.189240833928631946E+04    0.402817646098070981E+01   -0.240950846667467411E+00    0.228399548218548076E+00   -0.153386446861550709E+02
    0.194611432780206269E+04    0.396874407045263755E+01   -0.487413466364693571E+00    0.542603046772334063E+00   -0.153118344240079853E+02
    0.184818810187008216E+04    0.308171601696874786E+01   -0.343681025542029950E+00    0.639656288080774238E+00   -0.153062615297327493E+02
    0.199787528498282177E+04    0.492382922723560146E+01   -0.281776596095585974E+00    0.146666449731084142E+00   -0.152830721013351933E+02
    0.195077992035198622E+04    0.484133412525111950E+01   -0.124613802928794537E+00    0.678240202837822492E+00   -0.152668420993893879E+02
    0.198395641101143133E+04    0.440138879346282685E+01   -0.310719652521156242E+00    0.241056013979307121E+00   -0.152656785593818718E+02
    0.196069687389817886E+04    0.463956491576176600E+01   -0.332186110777305865E+00    0.552616990017283705E+00   -0.152654054480579475E+02
    0.194889170686933198E+04    0.387567982866377658E+01   -0.365275281917893102E+00    0.522968464491853968E+00   -0.152503950809252657E+02
    0.191801430473494543E+04    0.472873582747596277E+01   -0.458660969433063004E+00    0.235230997767123445E+00   -0.152166650266850336E+02
    0.187261405305451080E+04    0.364827358880808594E+01   -0.360999020391345682E+00    0.214740262035297780E+00   -0.152076460569038581E+02
    0.192167102611587961E+04    0.417879788360682092E+01   -0.461528480493557991E+00    0.595677543551379141E+00   -0.151516928723977102E+02
    0.192167102611587961E+04    0.417879788360682092E+01   -0.461528480493557991E+00    0.595677543551379141E+00   -0.151516928723977102E+02
    0.187466993830252659E+04    0.380103051500340694E+01   -0.216662550159122003E+00    0.617721323508367393E+00   -0.151463990340036574E+02
    0.189793661576690829E+04    0.366984484189840332E+01   -0.256549680023163584E+00    0.718349751334071307E+00   -0.151115089490013101E+02
    0.193827042458088158E+04    0.406264733967770297E+01   -0.387584523908286405E+00    0.146775084493092928E+00   -0.150749649645733363E+02
    0.196133653287018751E+04    0.419478296602999912E+01   -0.300758256866865858E+00    0.276724838835625708E+00   -0.150607621720083991E+02
    0.196133653287018751E+04    0.419478296602999912E+01   -0.300758256866865858E+00    0.276724838835625708E+00   -0.150607621720083991E+02
    0.195771169662475586E+04    0.489744710922241211E+01   -0.441828250885009766E+00    0.299928808212280296E+00   -0.150445138723913736E+02
    0.195771169662475586E+04    0.489744710922241211E+01   -0.441828250885009766E+00    0.299928808212280296E+00   -0.150445138723913736E+02
    0.186726372911369390E+04    0.342387838305215331E+01   -0.201997144963558861E+00    0.566734778749918733E+00   -0.150221354952292678E+02
    0.192781381607055664E+04    0.439588654041290283E+01   -0.391829013824462891E+00    0.442535752058029197E+00   -0.150201692785753167E+02
    0.191528812993792030E+04    0.444780862167008539E+01   -0.260219960515689186E+00    0.556325608004882177E+00   -0.150004328495789778E+02
    0.191528812993792030E+04    0.444780862167008539E+01   -0.260219960515689186E+00    0.556325608004882177E+00   -0.150004328495789778E+02
    0.195941131238811181E+04    0.367732095819000282E+01   -0.350591987318849774E+00    0.554907446746463862E+00   -0.149970726312936016E+02
    0.192484778384048514E+04    0.430157715986174694E+01   -0.414217932165242164E+00    0.435557098011558508E+00   -0.149959696216727920E+02
    0.192484778384048514E+04    0.430157715986174694E+01   -0.414217932165242164E+00    0.435557098011558508E+00   -0.149959696216727920E+02
    0.189997567653841725E+04    0.426691445989786455E+01   -0.349654028624455271E+00    0.210807336781967225E+00   -0.149944976978754045E+02
    0.193470594120756755E+04    0.423143378570550333E+01   -0.268874455916832900E+00    0.173833558604922889E+00   -0.149929046586636119E+02
    0.187769302368715717E+04    0.331864571797917174E+01   -0.274742520390514167E+00    0.533259987919584844E+00   -0.149889051687619279E+02
    0.191887171657420504E+04    0.420983879161444818E+01   -0.466725710977509256E+00    0.152576381414834622E+00   -0.149687481832819991E+02
    0.199230289558153754E+04    0.414986861496306947E+01   -0.425559407567997816E+00    0.441539703159025465E+00   -0.149594499585741705E+02
    0.199230289558153754E+04    0.414986861496306947E+01   -0.425559407567997816E+00    0.441539703159025465E+00   -0.149594499585741705E+02
    0.190621400559480981E+04    0.333450126312084283E+01   -0.235477716590545616E+00    0.572204075516297483E+00   -0.149552778537159501E+02
    0.197634174591723263E+04    0.466189058780644849E+01   -0.277825427320252949E+00    0.129235075482955569E+00   -0.149532523752743618E+02
    0.199454421539122450E+04    0.437819207948671885E+01   -0.494508944820096052E+00    0.441176128269118450E+00   -0.149391071786911382E+02
    0.199454421539122450E+04    0.437819207948671885E+01   -0.494508944820096052E+00    0.441176128269118450E+00   -0.149391071786911382E+02
    0.199085987160340619E+04    0.483789703619868128E+01   -0.279813719110069969E+00    0.203472659988821969E+00   -0.149280830850463389E+02
    0.193760744920287334E+04    0.394861741999886418E+01   -0.258641169857703745E+00    0.396928257060550460E+00   -0.149172094501147026E+02
    0.190160606386889935E+04    0.340401745482878626E+01   -0.295420730245598451E+00    0.797115231641663646E+00   -0.149155585059944382E+02
    0.197018830597873534E+04    0.484195473388846409E+01   -0.250137979932539667E+00    0.545063224171726923E+00   -0.149103026089658002E+02
    0.193634109434311586E+04    0.444450263044959826E+01   -0.377693769983717398E+00    0.452013571381671531E+00   -0.148960386250762085E+02
    0.192030923527827485E+04    0.367023336916037302E+01   -0.262110437682098962E+00    0.216775292106099970E+00   -0.148835154631114293E+02
    0.194991400264514209E+04    0.492544406936243462E+01   -0.395546749652766594E+00    0.538521232417256801E+00   -0.148740479657729949E+02
    0.194991400264514209E+04    0.492544406936243462E+01   -0.395546749652766594E+00    0.538521232417256801E+00   -0.148740479657729949E+02
    0.192314397288748091E+04    0.381570058152576363E+01   -0.315571238581912328E+00    0.379728520045440554E+00   -0.148511200977879323E+02
    0.196602425901553670E+04    0.406453611623694133E+01   -0.310887007291785533E+00    0.548985787806068659E+00   -0.148421183348507562E+02
    0.196602425901553670E+04    0.406453611623694133E+01   -0.310887007291785533E+00    0.548985787806068659E+00   -0.148421183348507562E+02
    0.189003709990390507E+04    0.347916153006330919E+01   -0.331123053951508928E+00    0.241909944521237374E+00   -0.148393619014305109E+02
    0.196987705190628662E+04    0.465268903618956209E+01   -0.474420400790734997E+00    0.494106758653116374E+00   -0.148385533537385985E+02
    0.197471318983737319E+04    0.465342799840840726E+01   -0.316581572892646435E+00    0.181191005204763722E+00   -0.148275436946723751E+02
    0.187382032889706625E+04    0.335668495935477118E+01   -0.366170523343241072E+00    0.304364873206410591E+00   -0.148206614234348173E+02
    0.195497729876718199E+04    0.424274715659199231E+01   -0.335431358778643829E+00    0.389221783273594135E+00   -0.147870044093001525E+02
    0.195335077493295398E+04    0.480644461383691368E+01   -0.271439086971957677E+00    0.230004674368381207E+00   -0.147672480486565014E+02
    0.194300719029125162E+04    0.448080014697231022E+01   -0.193991933931149385E+00    0.558450389594515317E+00   -0.147634836378703991E+02
    0.193674614039925291E+04    0.459380661858424943E+01   -0.488565051223696367E+00    0.266335188920952759E+00   -0.147551667916947054E+02
    0.193674614039925291E+04    0.459380661858424943E+01   -0.488565051223696367E+00    0.266335188920952759E+00   -0.147551667916947054E+02
    0.195200664752784678E+04    0.454503451520660207E+01   -0.336484821425040326E+00    0.521257452519706233E+00   -0.147482604854288972E+02
    0.196505044407795549E+04    0.473012941705082746E+01   -0.494956477750699564E+00    0.376371505120992156E+00   -0.147481046625291885E+02
    0.185996178752922879E+04    0.316408342341944682E+01   -0.236309765192350252E+00    0.692604186216021267E+00   -0.147418457489294656E+02
    0.185764809886555531E+04    0.333494397502581874E+01   -0.320047915758534252E+00    0.658580510678366204E+00   -0.147170992987791180E+02
    0.196327577878783836E+04    0.480631882012711209E+01   -0.297362650254615724E+00    0.131391437970484803E+00   -0.147152442749785841E+02
    0.191219016854724509E+04    0.385413485649575183E+01   -0.338221545307141713E+00    0.435754928065242519E+00   -0.147003730425681098E+02
    0.187822569078724587E+04    0.332857690466996248E+01   -0.376993293822376396E+00    0.302769486194852333E+00   -0.146628851481037135E+02
    0.190169772361058176E+04    0.330565165464810162E+01   -0.334261184870788819E+00    0.495428350771475401E+00   -0.146155377802001105E+02
    0.192555750086481680E+04    0.378748360656325467E+01   -0.322019405287154947E+00    0.247896495309190917E+00   -0.146067943999258709E+02
    0.192555750086481680E+04    0.378748360656325467E+01   -0.322019405287154947E+00    0.247896495309190917E+00   -0.146067943999258709E+02
    0.185865032704621149E+04    0.336386395906217661E+01   -0.382990118851701256E+00    0.761045718638949542E+00   -0.145856006471029929E+02
    0.185865032704621149E+04    0.336386395906217661E+01   -0.382990118851701256E+00    0.761045718638949542E+00   -0.145856006471029929E+02
    0.188585998209477657E+04    0.329394481446630616E+01   -0.322330799138612734E+00    0.515562479700793275E+00   -0.145715546539121839E+02
    0.193564097672332923E+04    0.483333881381927899E+01   -0.110501314209885682E+00    0.294616826389315745E+00   -0.145655224594957513E+02
    0.193564097672332923E+04    0.483333881381927899E+01   -0.110501314209885682E+00    0.294616826389315745E+00   -0.145655224594957513E+02
    0.195333090149083091E+04    0.479004978373002466E+01   -0.455416106232420181E+00    0.380459443600495217E+00   -0.145467567222247283E+02
    0.196223440793473856E+04    0.470521203497007523E+01   -0.387876722530258289E+00    0.507407104114316221E+00   -0.145432528084093420E+02
    0.190364339758998585E+04    0.398106853596625854E+01   -0.313527257183653263E+00    0.633745309957092218E+00   -0.145425934039677340E+02
    0.188725251644907394E+04    0.407261641301460564E+01   -0.376727315887377734E+00    0.206853317250695112E+00   -0.145337723692007810E+02
    0.188725251644907394E+04    0.407261641301460564E+01   -0.376727315887377734E+00    0.206853317250695112E+00   -0.145337723692007810E+02
    0.195867466810912742E+04    0.463644458852600572E+01   -0.406658453823354749E+00    0.481659694182468234E+00   -0.145311481038504269E+02
    0.192419817353066014E+04    0.398358809827630056E+01   -0.415525968076997376E+00    0.432939157776990213E+00   -0.145294111102602521E+02
    0.187507294265060136E+04    0.313776039846079424E+01   -0.137035777877944243E+00    0.586706663356492686E+00   -0.145279224941892302E+02
    0.194638502476570784E+04    0.444282478368517708E+01   -0.326569800849640546E+00    0.246554110134123955E+00   -0.145268307490174475E+02
    0.193377727791072857E+04    0.433030835522460222E+01   -0.268546911731308180E+00    0.225074189858627455E+00   -0.145196206962399774E+02
    0.187245617371473872E+04    0.347924629266630880E+01   -0.226671472023339649E+00    0.734516347731830610E+00   -0.145017575791305600E+02
    0.193103449166470409E+04    0.368166735245271370E+01   -0.379895099344353560E+00    0.699908856462303830E+00   -0.144819957324735125E+02
    0.193103449166470409E+04    0.368166735245271370E+01   -0.379895099344353560E+00    0.699908856462303830E+00   -0.144819957324735125E+02
    0.187491455880060494E+04    0.305097297359386666E+01   -0.192648289565148678E+00    0.620284398162232353E+00   -0.144799956866154673E+02
    0.187491455880060494E+04    0.305097297359386666E+01   -0.192648289565148678E+00    0.620284398162232353E+00   -0.144799956866154673E+02
    0.195245783568365778E+04    0.454943110860489064E+01   -0.372748588893118238E+00    0.174838911040730516E+00   -0.144598557359223605E+02
    0.195245783568365778E+04    0.454943110860489064E+01   -0.372748588893118238E+00    0.174838911040730516E+00   -0.144598557359223605E+02
    0.194083098850987653E+04    0.420732590499402637E+01   -0.339728054624100440E+00    0.744072394106770063E+00   -0.144597112084652419E+02
    0.190810230889329455E+04    0.374943673445044601E+01   -0.262483110926704510E+00    0.734103923944325665E+00   -0.144333978177957345E+02
    0.196430018137571801E+04    0.415230286743248378E+01   -0.453407644230297335E+00    0.469233537098793785E+00   -0.143836698148416691E+02
    0.196430018137571801E+04    0.415230286743248378E+01   -0.453407644230297335E+00    0.469233537098793785E+00   -0.143836698148416691E+02
    0.193736236970122695E+04    0.425259393687435061E+01   -0.319320333507124188E+00    0.684060199930293211E+00   -0.143730479609024933E+02
    0.193736236970122695E+04    0.425259393687435061E+01   -0.319320333507124188E+00    0.684060199930293211E+00   -0.143730479609024933E+02
    0.193926125638066719E+04    0.472550171205584135E+01   -0.406336318425666421E+00    0.526317578078956405E+00   -0.143504091947307924E+02
    0.197041978112931361E+04    0.362876937565504631E+01   -0.445869814849952417E+00    0.516745069552875136E+00   -0.143467734633502051E+02
    0.192260381573266727E+04    0.408199075080610996E+01   -0.352743945078341059E+00    0.168982156147560930E+00   -0.143462492535911519E+02
    0.188671354897691162E+04    0.319776296694619999E+01   -0.280755667459931968E+00    0.351739108136980616E+00   -0.143449730946146570E+02
    0.188671354897691162E+04    0.319776296694619999E+01   -0.280755667459931968E+00    0.351739108136980616E+00   -0.143449730946146570E+02
    0.191858917272415874E+04    0.382127271220665055E+01   -0.428759087980791653E+00    0.310684690949742270E+00   -0.143441740935442237E+02
    0.194838026066247835E+04    0.465105670186669329E+01   -0.304033441810308558E+00    0.547419487077576816E+00   -0.143136081468900951E+02
    0.194838026066247835E+04    0.465105670186669329E+01   -0.304033441810308558E+00    0.547419487077576816E+00   -0.143136081468900951E+02
    0.194636321835676449E+04    0.435662736210405299E+01   -0.497245895113792358E+00    0.533951084953449118E+00   -0.142908237962822113E+02
    0.189336864074518667E+04    0.337517031759066910E+01   -0.364133833103748694E+00    0.331637354387024352E+00   -0.142696054676369855E+02
    0.193686924682637891E+04    0.351661398404375580E+01   -0.322662019178668213E+00    0.566658791211194668E+00   -0.142545027629894303E+02
    0.193684276558403940E+04    0.347440456442293710E+01   -0.458968757859546161E+00    0.481908978070064387E+00   -0.142397541840149646E+02
    0.193684276558403940E+04    0.347440456442293710E+01   -0.458968757859546161E+00    0.481908978070064387E+00   -0.142397541840149646E+02
    0.197223171835351491E+04    0.429194014483475517E+01   -0.359395667600659940E+00    0.436480574850910852E+00   -0.142305169513837217E+02
    0.197634820944329090E+04    0.416255372844793747E+01   -0.379345354098893250E+00    0.115976352835264834E+00   -0.142284499073484234E+02
    0.191487291818732160E+04    0.403059327542875501E+01   -0.273550066860427155E+00    0.237894963484053895E+00   -0.142273381505778609E+02
    0.193214240092856653E+04    0.310669492699210048E+01   -0.433015762625982736E+00    0.554093671485720973E+00   -0.142214485331096228E+02
    0.197250544448207143E+04    0.462640716982997091E+01   -0.435406767416471718E+00    0.394924468560693187E+00   -0.142196531208871040E+02
    0.197250544448207143E+04    0.462640716982997091E+01   -0.435406767416471718E+00    0.394924468560693187E+00   -0.142196531208871040E+02
    0.190139913701880346E+04    0.338049234701905998E+01   -0.334401048101949816E+00    0.786367047302543809E+00   -0.141979836182841179E+02
    0.196346475942069856E+04    0.468691816765528291E+01   -0.361247639365777584E+00    0.150184571994329746E+00   -0.141868359552487071E+02
    0.193416844790597588E+04    0.320310599121565076E+01   -0.412614821255516517E+00    0.538703012504166634E+00   -0.141816575857892300E+02
    0.191814964810047172E+04    0.421292050311179089E+01   -0.320538260833395539E+00    0.235195899378118328E+00   -0.141750363141295708E+02
    0.191814964810047172E+04    0.421292050311179089E+01   -0.320538260833395539E+00    0.235195899378118328E+00   -0.141750363141295708E+02
    0.191516682297918123E+04    0.311349763743422292E+01   -0.371138912935195742E+00    0.577159132160944388E+00   -0.141701612336476934E+02
    0.192384727420355853E+04    0.340379334530706146E+01   -0.381334193583735215E+00    0.714863124103826131E+00   -0.141600292877410148E+02
    0.195283468815660831E+04    0.425203891218736274E+01   -0.328876467599267697E+00    0.205228914588896083E+00   -0.141517961018886638E+02
    0.191477999266498091E+04    0.339148843836796132E+01   -0.421955789955575977E+00    0.611557012314877024E+00   -0.141517784455489881E+02
    0.191477999266498091E+04    0.339148843836796132E+01   -0.421955789955575977E+00    0.611557012314877024E+00   -0.141517784455489881E+02
    0.197104336774976582E+04    0.428670590069072066E+01   -0.484529713369885429E+00    0.412235373923771187E+00   -0.141461119561959503E+02
    0.196212064443274494E+04    0.472330079139369907E+01   -0.447540605285314030E+00    0.275603779487815170E+00   -0.141434666932049833E+02
    0.191034228229319433E+04    0.396497284890617641E+01   -0.364393660144656018E+00    0.262684569043165173E+00   -0.141433153156963485E+02
    0.191034228229319433E+04    0.396497284890617641E+01   -0.364393660144656018E+00    0.262684569043165173E+00   -0.141433153156963485E+02
    0.193201339105616580E+04    0.411526108403879398E+01   -0.422261683027256640E+00    0.721118852131063304E+00   -0.141401846309334989E+02
    0.193201339105616580E+04    0.411526108403879398E+01   -0.422261683027256640E+00    0.721118852131063304E+00   -0.141401846309334989E+02
    0.194388341283411000E+04    0.445944915886217430E+01   -0.483877788019943356E+00    0.246014980465652427E+00   -0.141377006363299245E+02
    0.194388341283411000E+04    0.445944915886217430E+01   -0.483877788019943356E+00    0.246014980465652427E+00   -0.141377006363299245E+02
    0.190386934195670847E+04    0.390111250563299716E+01   -0.304775454291342895E+00    0.639199223908501257E+00   -0.141237509805565651E+02
    0.191753119607784743E+04    0.310585711180861823E+01   -0.377440597955505441E+00    0.586624569636858162E+00   -0.141119791906219465E+02
    0.191753092915114780E+04    0.359997555452961393E+01   -0.415170471966263110E+00    0.267643621550452848E+00   -0.140991302175065272E+02
    0.192425145272940722E+04    0.377749459938907162E+01   -0.427729027083775803E+00    0.566892331948744888E+00   -0.140853421907254290E+02
    0.192425145272940722E+04    0.377749459938907162E+01   -0.427729027083775803E+00    0.566892331948744888E+00   -0.140853421907254290E+02
    0.188030034794612880E+04    0.324820837418556208E+01   -0.369245881800334075E+00    0.536483769353784057E+00   -0.140762829947386106E+02
    0.190361662383053999E+04    0.317091069143176796E+01   -0.432663301305024506E+00    0.505207290022930189E+00   -0.140731554294566159E+02
    0.191847632788991677E+04    0.374782947163577429E+01   -0.357382240098184090E+00    0.286503392508998367E+00   -0.140730690110677497E+02
    0.191847632788991677E+04    0.374782947163577429E+01   -0.357382240098184090E+00    0.286503392508998367E+00   -0.140730690110677497E+02
    0.195760309078608657E+04    0.442693921519219291E+01   -0.472428954276044033E+00    0.182114547783298442E+00   -0.140591028223131964E+02
    0.195760309078608657E+04    0.442693921519219291E+01   -0.472428954276044033E+00    0.182114547783298442E+00   -0.140591028223131964E+02
    0.195603696522982091E+04    0.389364522610423647E+01   -0.331353412984121853E+00    0.658002181192062774E+00   -0.140574376838523154E+02
    0.197016531650932916E+04    0.454574255440278474E+01   -0.492255167924102677E+00    0.436245513538762841E+00   -0.140564689784201491E+02
    0.188822857506989135E+04    0.340443161289138629E+01   -0.294154417249273825E+00    0.686416179941764515E+00   -0.140383314771874126E+02
    0.188822857506989135E+04    0.340443161289138629E+01   -0.294154417249273825E+00    0.686416179941764515E+00   -0.140383314771874126E+02
    0.197065004576512365E+04    0.477839799562674017E+01   -0.395408925382695564E+00    0.267451274094839819E+00   -0.140335373561829151E+02
    0.191734971391703311E+04    0.379982022489741889E+01   -0.419353664760617861E+00    0.146580940856179370E+00   -0.140305873501680693E+02
    0.191734971391703311E+04    0.379982022489741889E+01   -0.419353664760617861E+00    0.146580940856179370E+00   -0.140305873501680693E+02
    0.194896887225910291E+04    0.445501206298129304E+01   -0.473014679493171109E+00    0.459688353220002233E+00   -0.140008068152050296E+02
    0.196079900818756460E+04    0.428385188143684026E+01   -0.420607250713895486E+00    0.410892980940402941E+00   -0.139993515560544086E+02
    0.196079900818756460E+04    0.428385188143684026E+01   -0.420607250713895486E+00    0.410892980940402941E+00   -0.139993515560544086E+02
    0.187085517067598857E+04    0.346261603250989580E+01   -0.316779143369383731E+00    0.715164298013264199E+00   -0.139965961815084707E+02
    0.188481003068955715E+04    0.330540294816239211E+01   -0.359168342916009131E+00    0.528885900178139967E+00   -0.139687140416965985E+02
    0.185606903453822383E+04    0.320067735581367252E+01   -0.346259232117838378E+00    0.706566950950824224E+00   -0.139624603511105239E+02
    0.186444017499366487E+04    0.334537079813562332E+01   -0.456646979607988002E+00    0.583451141043489496E+00   -0.139622407192103193E+02
    0.186444017499366487E+04    0.334537079813562332E+01   -0.456646979607988002E+00    0.583451141043489496E+00   -0.139622407192103193E+02
    0.189051873668412964E+04    0.325570476621859006E+01   -0.351458641959396523E+00    0.344268204522101273E+00   -0.139536059916389732E+02
    0.196833200536839036E+04    0.410222301194647088E+01   -0.452712558911601448E+00    0.543586594561110581E+00   -0.139524935163499464E+02
    0.196833200536839036E+04    0.410222301194647088E+01   -0.452712558911601448E+00    0.543586594561110581E+00   -0.139524935163499464E+02
    0.192728135719757688E+04    0.401618155715769554E+01   -0.343206379993644672E+00    0.178111214708816135E+00   -0.139445703694605747E+02
    0.187016929218670202E+04    0.356584431329648055E+01   -0.418847675956899590E+00    0.729348307801312989E+00   -0.139419862745812431E+02
    0.187016929218670202E+04    0.356584431329648055E+01   -0.418847675956899590E+00    0.729348307801312989E+00   -0.139419862745812431E+02
    0.196473153642006469E+04    0.455219057787283177E+01   -0.473333129659514407E+00    0.168276359527976566E+00   -0.139314427698958969E+02
    0.188958166560354471E+04    0.363781054012882965E+01   -0.363753670499254611E+00    0.764988078354900236E+00   -0.139312618599712117E+02
    0.188958166560354471E+04    0.363781054012882965E+01   -0.363753670499254611E+00    0.764988078354900236E+00   -0.139312618599712117E+02
    0.194572662095514534E+04    0.490656025618352665E+01   -0.286435261490535220E-01    0.340400694412129390E+00   -0.139242179998501534E+02
    0.194997977594663325E+04    0.471145479126422018E+01   -0.427309647595384479E+00    0.104565700928532318E+00   -0.139213078960697452E+02
    0.190751903543691606E+04    0.325741821057206860E+01   -0.319705554839406436E+00    0.588775715399786681E+00   -0.139144857375384596E+02
    0.195706677472239039E+04    0.474796161080874235E+01   -0.444578975011047761E+00    0.402064204427441507E+00   -0.139097440405304162E+02
    0.194109252891932829E+04    0.365129515686653461E+01   -0.412837059520232363E+00    0.200889293571624772E+00   -0.138966832234695659E+02
    0.185844132850710139E+04    0.349802211114091710E+01   -0.396705898583811944E+00    0.695200606375954488E+00   -0.138873480558128204E+02
    0.193834429670222039E+04    0.372839664105536572E+01   -0.396699538792685602E+00    0.137970400341566823E+00   -0.138776707242039681E+02
    0.192748098603240192E+04    0.404211873257810694E+01   -0.384503723144719534E+00    0.669102341133212319E+00   -0.138767223379136695E+02
    0.198430118026358309E+04    0.492212333918924116E+01   -0.431642518992123692E+00    0.277994806035757769E+00   -0.138735640999154164E+02
    0.188672860286541709E+04    0.369700930547498308E+01   -0.397357196127087753E+00    0.559942616873153498E+00   -0.138721992424961318E+02
    0.195251950787921623E+04    0.393189823250413761E+01   -0.479567450721002542E+00    0.153949776347907519E+00   -0.138704232290554170E+02
    0.195330705745564455E+04    0.445368184786785193E+01   -0.440488315841250033E+00    0.237035574089055179E+00   -0.138685999493246221E+02
    0.195330705745564455E+04    0.445368184786785193E+01   -0.440488315841250033E+00    0.237035574089055179E+00   -0.138685999493246221E+02
    0.193514698860398948E+04    0.393409837154334241E+01   -0.277902461217509222E+00    0.202897569560193669E+00   -0.138562986728814153E+02
    0.193514698860398948E+04    0.393409837154334241E+01   -0.277902461217509222E+00    0.202897569560193669E+00   -0.138562986728814153E+02
    0.190403712520680165E+04    0.329726755570591745E+01   -0.323279271792880074E+00    0.609246146875681349E+00   -0.138522069418692428E+02
    0.190003901224096080E+04    0.357959135612302104E+01   -0.323505347430657397E+00    0.197592627952545175E+00   -0.138439884417844361E+02
    0.194756419796970295E+04    0.465458742352028754E+01   -0.466311880071962781E+00    0.190823417474928259E+00   -0.138253840619661847E+02
    0.192605490382603125E+04    0.368088435496598665E+01   -0.337985577772327461E+00    0.793058989781787127E+00   -0.138230715003018041E+02
    0.187394708168942384E+04    0.346699584700736718E+01   -0.460375720531668087E+00    0.537346652045001538E+00   -0.138214195138407820E+02
    0.187394708168942384E+04    0.346699584700736718E+01   -0.460375720531668087E+00    0.537346652045001538E+00   -0.138214195138407820E+02
    0.187248055158049897E+04    0.328801386662437700E+01   -0.392081290081571665E+00    0.512238184255227047E+00   -0.138172140412490361E+02
    0.187248055158049897E+04    0.328801386662437700E+01   -0.392081290081571665E+00    0.512238184255227047E+00   -0.138172140412490361E+02
    0.193236563050102905E+04    0.404808919431226499E+01   -0.363281590006560018E+00    0.728452119612684190E+00   -0.138165559690042965E+02
    0.185744841831327244E+04    0.338267032341535057E+01   -0.461979122526174124E+00    0.680435025883816658E+00   -0.138056515488890970E+02
    0.196545215131043597E+04    0.445976406453119090E+01   -0.445244872456406870E+00    0.442648838713426085E+00   -0.138001497342951573E+02
    0.196545215131043597E+04    0.445976406453119090E+01   -0.445244872456406870E+00    0.442648838713426085E+00   -0.138001497342951573E+02
    0.195038947177260980E+04    0.397003320928207160E+01   -0.390884680848205268E+00    0.598415560483837150E+00   -0.137980650240822058E+02
    0.195015138913410010E+04    0.422387543001850574E+01   -0.440375048883053066E+00    0.453926845282134561E+00   -0.137976123684908281E+02
    0.192874981172422713E+04    0.345910010335310014E+01   -0.365009593649799235E+00    0.566366834767455862E+00   -0.137823950486491302E+02
    0.194661139268354009E+04    0.461332608341430550E+01   -0.486094406442347471E+00    0.133648206241988754E+00   -0.137773097131599886E+02
    0.195010378967800921E+04    0.390921217765682893E+01   -0.363491072835219420E+00    0.207505100815392141E+00   -0.137751197690710310E+02
    0.195010378967800921E+04    0.390921217765682893E+01   -0.363491072835219420E+00    0.207505100815392141E+00   -0.137751197690710310E+02
    0.195848780691170145E+04    0.496816429116374003E+01   -0.435657607071583630E+00    0.234446797457187023E+00   -0.137474681891075559E+02
    0.190610240992904187E+04    0.338360352557013000E+01   -0.343528255177756425E+00    0.733635453410932392E+00   -0.137426935054879529E+02
    0.191693569359137223E+04    0.391915270984089492E+01   -0.376366498871131994E+00    0.751007666597452439E+00   -0.137295363012893450E+02
    0.191693569359137223E+04    0.391915270984089492E+01   -0.376366498871131994E+00    0.751007666597452439E+00   -0.137295363012893450E+02
    0.194150831187834206E+04    0.487709105013802091E+01   -0.338831712621306402E-01    0.314761206314822406E+00   -0.137270524122181801E+02
    0.189994677307131315E+04    0.319924419168435881E+01   -0.267190240564174453E+00    0.616366920621173486E+00   -0.137265473536499787E+02
    0.187121254454086829E+04    0.321387865688120389E+01   -0.376010871774329403E+00    0.629172879939750795E+00   -0.137252418557087221E+02
    0.193271920269349107E+04    0.402712799019329104E+01   -0.376312060361834733E+00    0.633598166837260224E+00   -0.137234625367514251E+02
    0.198174258283152290E+04    0.491787001051362349E+01   -0.455565487022133286E+00    0.240344221762548521E+00   -0.137204362602947523E+02
    0.187080213320809730E+04    0.340339025202901890E+01   -0.411189976079438968E+00    0.529838058295004188E+00   -0.137082567126707158E+02
    0.187796314594239902E+04    0.356440050003947739E+01   -0.301358266812397690E+00    0.662535705797726804E+00   -0.136988213205649032E+02
    0.197067821107768896E+04    0.474184925207578001E+01   -0.445425855248034352E+00    0.223621866074113274E+00   -0.136968637275895819E+02
    0.187037065999010315E+04    0.324992372544744823E+01   -0.433393571225827612E+00    0.647509063828287545E+00   -0.136784228506305752E+02
    0.187345571583202923E+04    0.300769579668056242E+01   -0.424475385356926305E+00    0.343122797487566855E+00   -0.136750333905148267E+02
    0.195327448106439738E+04    0.471149053066776791E+01   -0.481749725273543039E+00    0.226295309313199328E+00   -0.136710419682407078E+02
    0.194643886722491970E+04    0.488720109032554095E+01   -0.100914072865426974E+00    0.320548240006582830E+00   -0.136594071506604511E+02
    0.194643886722491970E+04    0.488720109032554095E+01   -0.100914072865426974E+00    0.320548240006582830E+00   -0.136594071506604511E+02
    0.188070780721605593E+04    0.345950884872134479E+01   -0.405577154836994191E+00    0.133679409465039145E+00   -0.136541138084867910E+02
    0.199026117718670139E+04    0.482429594172464871E+01   -0.478327315192105029E+00    0.232362232536995533E+00   -0.136538255848984669E+02
    0.189699109807154196E+04    0.364502531428499355E+01   -0.399070375824892465E+00    0.545430664565886847E+00   -0.136538006080640830E+02
    0.191920575850629757E+04    0.420162686481010983E+01   -0.365440173378419608E+00    0.196540825671548236E+00   -0.136446122659310678E+02
    0.188325112482653071E+04    0.353861276074711650E+01   -0.402573348791581020E+00    0.123713801455898983E+00   -0.136402031452374608E+02
    0.195167221865435249E+04    0.468300747147553942E+01   -0.481939074350283214E+00    0.184896030779607784E+00   -0.136249656000068953E+02
    0.195167221865435249E+04    0.468300747147553942E+01   -0.481939074350283214E+00    0.184896030779607784E+00   -0.136249656000068953E+02
    0.187207122952609870E+04    0.330600660307996908E+01   -0.487641368189490443E+00    0.569762075542856739E+00   -0.135981832853867335E+02
    0.196359331927263497E+04    0.425291468632648062E+01   -0.451065024808863124E+00    0.131833967731748242E+00   -0.135951606265930085E+02
    0.195536244150542825E+04    0.435478358577648450E+01   -0.492740348371651316E+00    0.268231635469749929E+00   -0.135947243940036628E+02
    0.196529436574377723E+04    0.406524477780828519E+01   -0.388483389678055291E+00    0.646234274059331537E+00   -0.135878833891486206E+02
    0.198481216478006399E+04    0.456709048576736976E+01   -0.468535307248642063E+00    0.153944065670661240E+00   -0.135848776721266962E+02
    0.198481216478006399E+04    0.456709048576736976E+01   -0.468535307248642063E+00    0.153944065670661240E+00   -0.135848776721266962E+02
    0.189144714035547918E+04    0.330376690623507763E+01   -0.393296021101174786E+00    0.704624862046822509E+00   -0.135776061054148691E+02
    0.191376787585132524E+04    0.325368147013849551E+01   -0.397908647030569829E+00    0.543380081087044720E+00   -0.135744974297611645E+02
    0.190937755134765166E+04    0.338968614333238660E+01   -0.489970373386414637E+00    0.547081393733917953E+00   -0.135744904836121023E+02
    0.191280450851534920E+04    0.353133163920804982E+01   -0.440278192417350556E+00    0.515008017394674611E+00   -0.135723621879469469E+02
    0.193813745794990723E+04    0.377213762302830302E+01   -0.454011571466675368E+00    0.263113329832957099E+00   -0.135637160682895193E+02
    0.189485899229933489E+04    0.339009684428332303E+01   -0.308581445434750912E+00    0.632018637071056655E+00   -0.135617728884479334E+02
    0.194854707980636272E+04    0.426813949538677129E+01   -0.465835153714595773E+00    0.176722449622818772E+00   -0.135615795658023934E+02
    0.195911848168713504E+04    0.348591268139213284E+01   -0.458662576623777019E+00    0.579321718904586946E+00   -0.135609510513207141E+02
    0.192200059276428760E+04    0.397638804172395854E+01   -0.317869108448794402E+00    0.236771514294311147E+00   -0.135599361316198923E+02
    0.192098005554735278E+04    0.382260630704352078E+01   -0.367358907925293576E+00    0.630892478323220485E+00   -0.135581365697037999E+02
    0.190400596763545241E+04    0.318468975718996150E+01   -0.334653274980406146E+00    0.623560388368164742E+00   -0.135521513882783395E+02
    0.187879232950765845E+04    0.319144823556892954E+01   -0.431398889110668649E+00    0.511691135478283043E+00   -0.135361664271360223E+02
    0.189972400493892587E+04    0.315736038894143123E+01   -0.451199857080445133E+00    0.476005223340200345E+00   -0.135318508895559422E+02
    0.190600682300637527E+04    0.376827719445466958E+01   -0.421281253048796378E+00    0.242152250826147969E+00   -0.135215393565225241E+02
    0.193335045228947843E+04    0.345046580791515067E+01   -0.473197611211425173E+00    0.169076525806777123E+00   -0.135079063267678539E+02
    0.194997569311289703E+04    0.361482799542427724E+01   -0.461068268587589980E+00    0.178089598779847702E+00   -0.135022456870000607E+02
    0.188195304838267066E+04    0.366382977376109231E+01   -0.423025719160279923E+00    0.195929402040311784E+00   -0.134980024567653842E+02
    0.190606062662605859E+04    0.334293395234400936E+01   -0.394284804728940230E+00    0.721524976961996578E+00   -0.134940859879623289E+02
    0.196358796364870364E+04    0.484940714266721340E+01   -0.481999060761539311E+00    0.151563156884241129E+00   -0.134920682799177776E+02
    0.196889996086052497E+04    0.440546786580769023E+01   -0.461982761001405007E+00    0.243440331543063215E+00   -0.134853197322813703E+02
    0.198472407608267940E+04    0.484262417054582350E+01   -0.438365556768703091E+00    0.122410555632217671E+00   -0.134648282717301679E+02
    0.197131304203007107E+04    0.473516736156568818E+01   -0.479758243363232861E+00    0.159642926851262773E+00   -0.134641843495566089E+02
    0.190570732580726553E+04    0.336983611165554908E+01   -0.371633853119033464E+00    0.685856406148282693E+00   -0.134630027576096332E+02
    0.195300319272742013E+04    0.408200528586596612E+01   -0.424955601208709344E+00    0.265476570951850954E+00   -0.134576101543318742E+02
    0.190287594429290675E+04    0.362702143724484838E+01   -0.398414402191826111E+00    0.579802001418510349E+00   -0.134483465365855821E+02
    0.192478290669885359E+04    0.382507092205776456E+01   -0.327537615959157757E+00    0.190569696355744278E+00   -0.134459365328135707E+02
    0.190301102428041531E+04    0.357934778002366283E+01   -0.410051602647316549E+00    0.685180311740671177E+00   -0.134459338093451368E+02
    0.190002948531778293E+04    0.359480867741570531E+01   -0.421956455033548949E+00    0.151430426652358147E+00   -0.134448058035444173E+02
    0.196257445947838960E+04    0.387999301519540118E+01   -0.419695933735444060E+00    0.632922107250228683E+00   -0.134365915130555411E+02
    0.189774391123698365E+04    0.349661199087440933E+01   -0.409144430697656436E+00    0.529456945916530364E+00   -0.134333151183625326E+02
    0.190771657473738264E+04    0.333221504901453036E+01   -0.361003498659633826E+00    0.576394458792940934E+00   -0.134319976542793853E+02
    0.186384540034705219E+04    0.350164254878060888E+01   -0.465372876297918348E+00    0.127428557036488671E+00   -0.134262802947843429E+02
    0.190304631135468981E+04    0.335243442188097873E+01   -0.409664557131107110E+00    0.744302475276257036E+00   -0.134228530218605115E+02
    0.196565310288071623E+04    0.493308530976094417E+01   -0.431795585557256167E+00    0.184575392819951223E+00   -0.134118546252153781E+02
    0.191606948652495134E+04    0.362567286305342229E+01   -0.426070878362103889E+00    0.209967656998915259E+00   -0.134116868145221684E+02
    0.196666210217619641E+04    0.464565241250060268E+01   -0.489719767795733896E+00    0.150186306735255654E+00   -0.134047550424373743E+02
    0.194149183481427144E+04    0.382093509724341462E+01   -0.391218124735258244E+00    0.636046929827487673E+00   -0.133966757600192246E+02
    0.195944332086003351E+04    0.425077472231655573E+01   -0.449721251177529868E+00    0.125619174546129364E+00   -0.133924883306618678E+02
    0.196658890302218333E+04    0.353508637829781058E+01   -0.498163597544122705E+00    0.579523560160236983E+00   -0.133832694782157109E+02
    0.186717362234789152E+04    0.349954794931909019E+01   -0.466231768553458492E+00    0.166111100973562298E+00   -0.133760658597567019E+02
    0.190411217705237254E+04    0.357718657422257236E+01   -0.325279098891834595E+00    0.565744513744102839E+00   -0.133760320508724799E+02
    0.197203353082024273E+04    0.492634788565785975E+01   -0.468556824868033739E+00    0.233283079708734353E+00   -0.133538046820852934E+02
    0.191707654216990500E+04    0.386049941354125847E+01   -0.354109808492830136E+00    0.651528599890519922E+00   -0.133530143366924925E+02
    0.187996345250967465E+04    0.339866574475611172E+01   -0.424292338072800701E+00    0.523839957889937646E+00   -0.133487366457266816E+02
    0.196342696680171503E+04    0.384006373711912552E+01   -0.448089446898638055E+00    0.657039582538506806E+00   -0.133368772882782380E+02
    0.193607481844965264E+04    0.365288070406301424E+01   -0.435671493004072208E+00    0.582613155830923435E+00   -0.133239249738500174E+02
    0.196097336099460608E+04    0.480191616399341292E+01   -0.479782995551212232E+00    0.131642579923938852E+00   -0.133207552096601791E+02
    0.187927771327750520E+04    0.357771401554839574E+01   -0.373586251269741432E+00    0.667053064034735299E+00   -0.133159739937006005E+02
    0.192197852799103134E+04    0.380299835924906304E+01   -0.360156150390174012E+00    0.739713502595710448E+00   -0.133119342298404835E+02
    0.189967604733549706E+04    0.344375528585667112E+01   -0.450381120624923414E+00    0.497530670193529145E+00   -0.133095873616646845E+02
    0.193547378499876208E+04    0.379061036422489650E+01   -0.388183583042110814E+00    0.652109650227598259E+00   -0.133062536497290456E+02
    0.189210501124537132E+04    0.356256009510512328E+01   -0.308585024617544224E+00    0.568104559585983049E+00   -0.133052777068649419E+02
    0.195564965672066000E+04    0.455987828592559286E+01   -0.480968729801727446E+00    0.125264764587467325E+00   -0.133028634329198603E+02
    0.189619632597083523E+04    0.346863058156678861E+01   -0.354397924302288558E+00    0.436292057867163297E+00   -0.133010143458793682E+02
    0.190016679763793945E+04    0.331659078598022461E+01   -0.430140614509582520E+00    0.496051204204559393E+00   -0.132964399705036467E+02
    0.188608897182869714E+04    0.348350156972160097E+01   -0.307675611186068010E+00    0.590964716957135705E+00   -0.132838623825046884E+02
    0.190204509545624342E+04    0.363223963588309529E+01   -0.479575566638353323E+00    0.616863442178438026E+00   -0.132752037476208429E+02
    0.188114058846032572E+04    0.321015303472413205E+01   -0.358071798671157793E+00    0.581081411147861271E+00   -0.132722478103334982E+02
    0.190785671146998357E+04    0.309762145373546938E+01   -0.382620490702224203E+00    0.619896450187058190E+00   -0.132721407623253640E+02
    0.191267785282434738E+04    0.352965619319118185E+01   -0.346340796680640828E+00    0.564724051040877417E+00   -0.132666643521270640E+02
    0.196988166496954500E+04    0.454873374793848839E+01   -0.471441178162259167E+00    0.143315816211163682E+00   -0.132640052030361684E+02
    0.192398793336859899E+04    0.330227464351369893E+01   -0.420727664250100497E+00    0.574102006164830314E+00   -0.132555800580837140E+02
    0.187653261043114458E+04    0.343434049879320735E+01   -0.297407927206090716E+00    0.599361069414857450E+00   -0.132530148587659600E+02
    0.190144247617615542E+04    0.347172751986559724E+01   -0.347987247949501755E+00    0.670518203066457819E+00   -0.132490660995009808E+02
    0.187309811200595800E+04    0.356657915800955028E+01   -0.387199478507680883E+00    0.596986318057896037E+00   -0.132483275997215681E+02
    0.188658783758686013E+04    0.363789942736739835E+01   -0.325820688858363239E+00    0.645451706214963838E+00   -0.132340372604230048E+02
    0.187346778220370470E+04    0.335080310553214789E+01   -0.425388601519316567E+00    0.664350625439559805E+00   -0.132335311533748676E+02
    0.193290962661765866E+04    0.399210754036818383E+01   -0.324094237102568239E+00    0.240153249128743751E+00   -0.132186605910514956E+02
    0.193132912862300213E+04    0.352103123262753304E+01   -0.421498004830129780E+00    0.162082876980893326E+00   -0.132053603843798903E+02
    0.189758638653511434E+04    0.366406615735369456E+01   -0.415451550027081840E+00    0.569768126296740895E+00   -0.132048979129621706E+02
    0.193756728802899056E+04    0.386968740601209538E+01   -0.467244591484977989E+00    0.608384480331053079E+00   -0.131974645684054526E+02
    0.192151048754575459E+04    0.365095592878962005E+01   -0.422850183815666802E+00    0.632522483189730478E+00   -0.131811968582996180E+02
    0.198808977367946045E+04    0.462972722181007867E+01   -0.443355643096327079E+00    0.130272571467926285E+00   -0.131793253566258048E+02
    0.190927402695285900E+04    0.304526645201351664E+01   -0.362818557655334772E+00    0.601767685492808790E+00   -0.131724489961440909E+02
    0.189383747841503941E+04    0.346584599338563848E+01   -0.364550977007316368E+00    0.445445863203137171E+00   -0.131600023921583595E+02
    0.194428301764390085E+04    0.382705985131540460E+01   -0.458834064022432098E+00    0.254828812737687649E+00   -0.131462797213454987E+02
    0.191709652454643174E+04    0.310420586768551887E+01   -0.467408403885675228E+00    0.554989684446587361E+00   -0.131426178466169628E+02
    0.187919316988127207E+04    0.357597370395671810E+01   -0.354431202851204719E+00    0.655224064883967450E+00   -0.131411819990420948E+02
    0.197589660901555749E+04    0.479858023990262694E+01   -0.488718049518422792E+00    0.140048628635129235E+00   -0.131395982289546556E+02
    0.189136638190844201E+04    0.332237372064903091E+01   -0.424676009007630861E+00    0.529614160993840843E+00   -0.131321449060934086E+02
    0.192832317421613925E+04    0.347867560944558685E+01   -0.499656490138231379E+00    0.174193477139038183E+00   -0.131297787230872309E+02
    0.194131502894128084E+04    0.348391275561745895E+01   -0.490402515034924602E+00    0.153989565261718447E+00   -0.131000917386485707E+02
    0.190359213441834845E+04    0.359188599247626783E+01   -0.450333745258327811E+00    0.132350465787242189E+00   -0.130801403554685169E+02
    0.190714776873581513E+04    0.326814068967623106E+01   -0.462578120746400090E+00    0.481324975264140420E+00   -0.130778033544966537E+02
    0.189681432761372866E+04    0.319751948147210951E+01   -0.352811476458458118E+00    0.587041721289867868E+00   -0.130686579839920256E+02
    0.188032914239602633E+04    0.328595424248381729E+01   -0.473289630351310942E+00    0.565067394831995973E+00   -0.130655780720272059E+02
    0.188650680779434447E+04    0.309606823379144336E+01   -0.466035885686024332E+00    0.625174824187791467E+00   -0.130505150100339620E+02
    0.188738977240423742E+04    0.331642883769864039E+01   -0.487730654973325961E+00    0.688722167440096067E+00   -0.130488988134665558E+02
    0.190951553143390629E+04    0.322049656997072642E+01   -0.432156388796316293E+00    0.546727418583396352E+00   -0.130460255269114711E+02
    0.190341290475792584E+04    0.300343933379527117E+01   -0.329163338827022700E+00    0.596132583706497465E+00   -0.130360668605198189E+02
    0.196796967451885348E+04    0.424664183830230346E+01   -0.464839371965202308E+00    0.121017835756594777E+00   -0.130237006077684558E+02
    0.188585741686632286E+04    0.302549951439759113E+01   -0.353912348594273340E+00    0.596422290214854489E+00   -0.130163497021723416E+02
    0.187029586483382059E+04    0.342421496861456243E+01   -0.435592346274008169E+00    0.631079375779696305E+00   -0.130008541953558492E+02
    0.194232859839557364E+04    0.407664323350412872E+01   -0.333036991855993114E+00    0.247828233994391078E+00   -0.129955666772617988E+02
    0.196975564723570028E+04    0.457948464455060211E+01   -0.436248797718417514E+00    0.113817767345332721E+00   -0.129954083328464769E+02
    0.193197609822232721E+04    0.370197707332328196E+01   -0.457052886389023139E+00    0.665466700631929919E+00   -0.129820285664676138E+02
    0.190579098721572541E+04    0.364112201329667151E+01   -0.376278966308550733E+00    0.453538768547007698E+00   -0.129750619442427215E+02
    0.193345680877404584E+04    0.370319534817837681E+01   -0.477735139267091213E+00    0.220416157624915759E+00   -0.129292840562285427E+02
    0.191913855878183381E+04    0.375455695054373306E+01   -0.379129805936499142E+00    0.190414344249883905E+00   -0.129286041356600343E+02
    0.189207876869345409E+04    0.325386847264411916E+01   -0.369602409924714825E+00    0.621289358413815163E+00   -0.129173718557551727E+02
    0.189681080192930949E+04    0.368886134181248870E+01   -0.467200088422997983E+00    0.619809871663975387E+00   -0.128977055296634688E+02
    0.189453914522121818E+04    0.359364824427928076E+01   -0.485668850702736687E+00    0.678852458642785317E+00   -0.128928666616213334E+02
    0.192913137811951287E+04    0.348638066319582718E+01   -0.446018551285441545E+00    0.155754756072223777E+00   -0.128839434716851091E+02
    0.190675706898994008E+04    0.351136854502421336E+01   -0.423303208411539122E+00    0.637894161111786429E+00   -0.128810336691449798E+02
    0.188382591044981677E+04    0.333881414360448892E+01   -0.366001883352292445E+00    0.585562825526701358E+00   -0.128612608458072106E+02
    0.189288783889829642E+04    0.312697460009105788E+01   -0.475658137218569865E+00    0.528536410211905783E+00   -0.128538308283070126E+02
    0.189793926018786283E+04    0.380733047805473213E+01   -0.374169847582429549E+00    0.215699294046783896E+00   -0.128509959015879041E+02
    0.195584341140676224E+04    0.383490086638778704E+01   -0.478466694584314345E+00    0.712679070013902405E+00   -0.128505158217503119E+02
    0.188338345340301362E+04    0.335769737362924570E+01   -0.402462281988408943E+00    0.656526978091692803E+00   -0.128486411462891166E+02
    0.190715065053114358E+04    0.337992724490006591E+01   -0.494712990009886167E+00    0.164101961904591698E+00   -0.128471645392806160E+02
    0.191073017322328042E+04    0.325332437466803093E+01   -0.466734715737729178E+00    0.619777492492116888E+00   -0.128327908272403821E+02
    0.193345649254781256E+04    0.373705344512405047E+01   -0.444389562639947333E+00    0.189640664272268250E+00   -0.128273116650481462E+02
    0.188197064691494711E+04    0.340283277054297306E+01   -0.431378775022393302E+00    0.608491837233546273E+00   -0.124921084161720461E+02
    0.190323097921757085E+04    0.328759449084426336E+01   -0.424978676819792678E+00    0.638186587132177130E+00   -0.126610820343099295E+02
    0.188527960264572312E+04    0.347424077228093031E+01   -0.418035917448098759E+00    0.621665161521863019E+00   -0.124467652035550138E+02
    0.188152556247872440E+04    0.338739174763936735E+01   -0.436264553303895464E+00    0.618839259161288346E+00   -0.123936381815004992E+02
    0.189563542532522888E+04    0.358448616801620590E+01   -0.431336655652176826E+00    0.632398999123602201E+00   -0.124729947130217820E+02
    0.188528593101512274E+04    0.353031114973032167E+01   -0.440776886412064584E+00    0.633444794463193794E+00   -0.120963963127044849E+02
    0.190102714193511270E+04    0.336792264908277694E+01   -0.439042125216169921E+00    0.683202984754688769E+00   -0.127629771004342452E+02
    0.189447022347349525E+04    0.351776612717302495E+01   -0.444684526729104301E+00    0.639484676430717713E+00   -0.119969709871111938E+02
    0.188528443066948216E+04    0.338393050444984711E+01   -0.428336162037141033E+00    0.653421351269567796E+00   -0.124500178284400533E+02
    0.189761174296246236E+04    0.341175388713431005E+01   -0.422270634963237468E+00    0.663350327699326447E+00   -0.123218798393381821E+02
    0.188377379158918575E+04    0.348144709650894413E+01   -0.434510506239259187E+00    0.638830067622160103E+00   -0.120507438903504003E+02
    0.188318993306956759E+04    0.352411225079363710E+01   -0.396896490986066663E+00    0.637867378827456366E+00   -0.123766653463677940E+02
    0.188140712146154510E+04    0.355544686892582185E+01   -0.384477428219814232E+00    0.639442036853946294E+00   -0.126178341092369752E+02
    0.189479671954834566E+04    0.327352390172891772E+01   -0.398581595290048385E+00    0.613226524564510878E+00   -0.127811839156699936E+02
    0.189924016321757767E+04    0.348258904154693294E+01   -0.386779762733222010E+00    0.467198424718356931E+00   -0.124837928154973454E+02
    0.189242884534550330E+04    0.349652086764891878E+01   -0.355199299204185193E+00    0.570562063962103738E+00   -0.128158391574098403E+02
    0.189178860024863229E+04    0.334306209155698619E+01   -0.458837950280041262E+00    0.618247530186283867E+00   -0.123941075272378374E+02
    0.189576505419823206E+04    0.337637085714277774E+01   -0.463248992281227900E+00    0.640721774320714088E+00   -0.119982777363121915E+02
    0.189576505419823206E+04    0.337637085714277774E+01   -0.463248992281227900E+00    0.640721774320714088E+00   -0.119982777363121915E+02
    0.189340076787142289E+04    0.332590255634155252E+01   -0.456440453882244301E+00    0.621623163663626910E+00   -0.123786511283838152E+02
    0.190753080861319063E+04    0.314309098286717514E+01   -0.451501428302531482E+00    0.628201805579598926E+00   -0.127222216496994065E+02
    0.189468927513023459E+04    0.329924231220310382E+01   -0.452289205573915665E+00    0.563896541216619918E+00   -0.124398845621129226E+02
    0.189464748191003741E+04    0.315013677907227185E+01   -0.475442000020384170E+00    0.534673715735009325E+00   -0.126666155696065328E+02
    0.190101016928930107E+04    0.318430815625771091E+01   -0.469644486685983409E+00    0.532801337239840911E+00   -0.126601529486511328E+02
    0.190126501992108160E+04    0.324829879680083078E+01   -0.466360814587200356E+00    0.560714831547512005E+00   -0.123003162562742396E+02
    0.189850804607536702E+04    0.328453685407063389E+01   -0.461983792396019277E+00    0.534475964398579473E+00   -0.125701142964240447E+02
    0.191139142376066843E+04    0.333217734305027102E+01   -0.478557312408908309E+00    0.436655771438227647E+00   -0.123315221127049188E+02
    0.190136970226548624E+04    0.324029387842706207E+01   -0.470015963168006257E+00    0.528756090534537315E+00   -0.125765087286324757E+02
    0.189857245903487410E+04    0.326219180317868584E+01   -0.457672063333517953E+00    0.425210720707629886E+00   -0.124229289393256863E+02
    0.190517021292120057E+04    0.333248160259592474E+01   -0.467114551476644324E+00    0.672097556503724713E+00   -0.123373729530579297E+02
    0.190260248199695843E+04    0.307685118046602435E+01   -0.479414931850206227E+00    0.601166420589205441E+00   -0.122833497215642211E+02
    0.190389019078870137E+04    0.306003695751327953E+01   -0.497038414514431981E+00    0.580718847397596716E+00   -0.123671980977990650E+02
    0.188120120577652096E+04    0.338820192610664606E+01   -0.480949183947481762E+00    0.611442805670213252E+00   -0.122276615962131974E+02
    0.187626898571021775E+04    0.353796427864935659E+01   -0.473663775795645836E+00    0.587752448503457980E+00   -0.127206152845892824E+02
    0.188533913536230375E+04    0.343951398091120852E+01   -0.484435319403076492E+00    0.675498246241008293E+00   -0.125612570806333572E+02
    0.188317909026871098E+04    0.345659161281301097E+01   -0.477930775827684839E+00    0.653729850651551869E+00   -0.119732151947134753E+02
    0.188317909026871098E+04    0.345659161281301097E+01   -0.477930775827684839E+00    0.653729850651551869E+00   -0.119732151947134753E+02
    0.187938317640657260E+04    0.339479230971351598E+01   -0.478349687537351409E+00    0.610981830474825127E+00   -0.122562975309592073E+02
    0.187522307446029345E+04    0.349012716689916536E+01   -0.483356622387266011E+00    0.652698715923023531E+00   -0.124345961580536333E+02
    0.190370928026026513E+04    0.342905796040200839E+01   -0.499325875533250030E+00    0.648074133878882908E+00   -0.115046971585460085E+02
    0.190370928026026513E+04    0.342905796040200839E+01   -0.499325875533250030E+00    0.648074133878882908E+00   -0.115046971585460085E+02
    0.193861878602231286E+04    0.366013389048175908E+01   -0.499329349471406503E+00    0.636107307114564979E+00   -0.127708903566517904E+02
    0.191709564561513434E+04    0.346785274444316372E+01   -0.487693696518891162E+00    0.466533048588946175E+00   -0.121705091210667948E+02
    0.191565263600988465E+04    0.352866220607404824E+01   -0.476372427288509592E+00    0.466089804245821804E+00   -0.120812015279328548E+02
    0.190777732776274934E+04    0.328554062484051768E+01   -0.494625393629091081E+00    0.553101643514734009E+00   -0.124154236297836800E+02
    0.189098043747113229E+04    0.358413789922754633E+01   -0.470974988557148200E+00    0.647027101871681110E+00   -0.117272523867699707E+02
    0.189098043747113229E+04    0.358413789922754633E+01   -0.470974988557148200E+00    0.647027101871681110E+00   -0.117272523867699707E+02
    0.188761992663900787E+04    0.358690769725360514E+01   -0.458327871028039346E+00    0.636096607065022024E+00   -0.120743064281549088E+02
    0.188346017109353625E+04    0.373531347835308880E+01   -0.485667952058383423E+00    0.644408892717675874E+00   -0.127592931029780061E+02
    0.190000442999016741E+04    0.360479307901799650E+01   -0.488540045109086940E+00    0.636500796467845520E+00   -0.119577855639143529E+02
    0.190501981146198182E+04    0.378179670271432267E+01   -0.491065464650192518E+00    0.651223711439414821E+00   -0.120429623667748054E+02
    0.191051442858756309E+04    0.362519225280375590E+01   -0.455987518200917319E+00    0.659661265003248953E+00   -0.122272492410533129E+02
    0.192033746266443836E+04    0.336721104100584512E+01   -0.454015970344102349E+00    0.743211367892509411E+00   -0.127188287496787957E+02
    0.191303572736178626E+04    0.355931902874080164E+01   -0.472121622580808253E+00    0.641495073686940698E+00   -0.123128196410879216E+02
    0.189889497773928201E+04    0.375318980425909388E+01   -0.426744017589177571E+00    0.190585495485897594E+00   -0.122830511144780061E+02
    0.190896440033897284E+04    0.372694328540935738E+01   -0.418113422052868000E+00    0.212371723308224847E+00   -0.126589639551885238E+02
    0.191032958811460708E+04    0.379032706011419496E+01   -0.421636207723836476E+00    0.199480682833259787E+00   -0.119527228101850582E+02
    0.191032958811460708E+04    0.379032706011419496E+01   -0.421636207723836476E+00    0.199480682833259787E+00   -0.119527228101850582E+02
    0.190466202335172352E+04    0.379731418730904169E+01   -0.389547156707512110E+00    0.194223494694573257E+00   -0.123978487726977189E+02
    0.192096176037337955E+04    0.388173081574055789E+01   -0.398570960126524154E+00    0.201994778826929039E+00   -0.121688729380701037E+02
    0.195641827016525440E+04    0.401109446893950938E+01   -0.369744935554895904E+00    0.252046781716596668E+00   -0.128078400142016839E+02
    0.197530794101253946E+04    0.413423237593287318E+01   -0.486624886572127047E+00    0.104064414004780462E+00   -0.121305478052943947E+02
    0.194124880643542747E+04    0.381813702788099407E+01   -0.466325592150713675E+00    0.222878701980415150E+00   -0.126675251813382470E+02
    0.195780965654804118E+04    0.415200851956768791E+01   -0.462082432975780277E+00    0.247539446223683679E+00   -0.125943572831160839E+02
    0.195012587976510304E+04    0.398349677226586074E+01   -0.464095835156167091E+00    0.258005708521764965E+00   -0.126944032325171712E+02
    0.195216814947506350E+04    0.397136397151072185E+01   -0.429395327369545221E+00    0.246500730229009646E+00   -0.123829234967872690E+02
    0.195034327437157231E+04    0.396686653259980071E+01   -0.433386831032712361E+00    0.245492256665686026E+00   -0.123445512332149825E+02
    0.195349778903505694E+04    0.388808594920576356E+01   -0.480325390654886497E+00    0.108007596052845559E+00   -0.126385149925393954E+02
    0.194276175736163123E+04    0.391973956588417582E+01   -0.473515686735120733E+00    0.249986725309223251E+00   -0.124489589628806101E+02
    0.190238317786865014E+04    0.386936595707518904E+01   -0.440850906107142226E+00    0.221018772244890638E+00   -0.120867439668683971E+02
    0.191989361619121087E+04    0.348002625514975872E+01   -0.457315120180261325E+00    0.138136699017614800E+00   -0.128026739196754562E+02
    0.187958098539287425E+04    0.348317797075154223E+01   -0.493098686202644243E+00    0.137695609762959748E+00   -0.123918388858184887E+02
    0.191588229756082433E+04    0.359956148725087788E+01   -0.461166735033344877E+00    0.145317400288765108E+00   -0.127076580552180918E+02
    0.190605414583908760E+04    0.354647057111376540E+01   -0.479767432692168871E+00    0.164710265682196877E+00   -0.124161670395676431E+02
    0.189118966967053461E+04    0.352905941367457920E+01   -0.492023526668747324E+00    0.129831117800765894E+00   -0.122539033662731036E+02
    0.190732261513923413E+04    0.376099957953817521E+01   -0.482868418443152314E+00    0.181285751817348129E+00   -0.121050427330584149E+02
    0.190732261513923413E+04    0.376099957953817521E+01   -0.482868418443152314E+00    0.181285751817348129E+00   -0.121050427330584149E+02
    0.188179100039538434E+04    0.352203550219892669E+01   -0.480805477782019708E+00    0.156102480492718743E+00   -0.125148713442935922E+02
    0.190398175743309525E+04    0.345745260791116538E+01   -0.465756262353778594E+00    0.122724582441701771E+00   -0.127682995461157738E+02
    0.191847931278572946E+04    0.362217222664209793E+01   -0.486594358647700176E+00    0.156703389573288943E+00   -0.124147372027277800E+02
    0.188217418788421105E+04    0.356542121951083502E+01   -0.491063134386337086E+00    0.172791080804185565E+00   -0.125121639899768446E+02
    0.189939456712879155E+04    0.365586827184280594E+01   -0.475891788087114853E+00    0.189990647839042792E+00   -0.123529129190455382E+02
    0.192492829489755650E+04    0.377923526387046049E+01   -0.482146682458613640E+00    0.215018926415247502E+00   -0.122417300644465623E+02
