    0.148073288752135772E+04    0.272201703193191547E+01    0.179962613913472893E+02   -0.773744791514125268E+03
    0.148016461141083823E+04    0.269247149992954338E+01    0.208378198819887643E+02   -0.772892085970810285E+03
    0.148301990800541671E+04    0.270171304242260302E+01    0.202077994035463320E+02   -0.771154195692904295E+03
    0.148004977735142666E+04    0.276303153979913052E+01    0.186650326799530148E+02   -0.770755791150223786E+03
    0.148169365200512243E+04    0.276064215043693917E+01    0.192185953713094051E+02   -0.770667729020262300E+03
    0.148398912513425398E+04    0.271661994544159935E+01    0.205717744105928375E+02   -0.770596425060838783E+03
    0.147709592898178789E+04    0.277305085801673323E+01    0.204572888755181879E+02   -0.770567998383223198E+03
    0.148118350329074656E+04    0.269998723271669805E+01    0.209811780290293655E+02   -0.770482030528316500E+03
    0.148281214826262431E+04    0.271544264509371125E+01    0.194309180066223490E+02   -0.770477307766418903E+03
    0.148038225269497980E+04    0.275228590902995318E+01    0.229161461364995773E+02   -0.769950329611284815E+03
    0.147762459675020455E+04    0.277013809956543522E+01    0.199178724850193873E+02   -0.769711229738044494E+03
    0.147836288533416518E+04    0.277171354372394729E+01    0.194863484182166644E+02   -0.769640814055057945E+03
    0.147893426837171342E+04    0.271129884655514086E+01    0.207891937738640848E+02   -0.769600110092020259E+03
    0.147977335368006720E+04    0.272641477728914383E+01    0.189482933961021303E+02   -0.769584096285215310E+03
    0.147982856058500579E+04    0.274637664926227743E+01    0.187228255088663644E+02   -0.769520411873488911E+03
    0.148289604838479045E+04    0.273511162362614080E+01    0.197586953697224317E+02   -0.769395217102537231E+03
    0.147818006124661588E+04    0.272901545248654598E+01    0.196111882985229329E+02   -0.769301711549768470E+03
    0.147738580085446210E+04    0.273562545368176169E+01    0.203598566889739772E+02   -0.769297178745599581E+03
    0.148082189002873611E+04    0.277048734826643006E+01    0.217772368243235945E+02   -0.769286868518743631E+03
    0.147893324196990557E+04    0.277824744985077476E+01    0.215413065234405678E+02   -0.769186747556617888E+03
    0.148279966595413180E+04    0.273672567183408599E+01    0.218919602998403064E+02   -0.769182754105307595E+03
    0.148050947314407517E+04    0.276191270025717284E+01    0.224053706777973503E+02   -0.769155112756352992E+03
    0.147788653070924352E+04    0.272874976475083342E+01    0.201015098034734336E+02   -0.769075241350674105E+03
    0.147756054598275614E+04    0.274801013766807323E+01    0.197987083766568333E+02   -0.769071784407860150E+03
    0.148309620399117125E+04    0.274010870585619548E+01    0.208509949758328332E+02   -0.769070383394264695E+03
    0.148015426996113388E+04    0.276728155999196224E+01    0.221924698175980382E+02   -0.769010806925996349E+03
    0.148031409230480517E+04    0.275170529954651766E+01    0.189462081324965652E+02   -0.769009186299797307E+03
    0.148042837818962062E+04    0.277276347293314540E+01    0.199872027889497019E+02   -0.769004443720640666E+03
    0.147864184206080222E+04    0.272267013836537286E+01    0.215938047040063168E+02   -0.768823217647213482E+03
    0.148150843360586259E+04    0.273742652253901131E+01    0.191695057685832495E+02   -0.768785533707030709E+03
    0.147881380782155725E+04    0.277681138034852504E+01    0.203156309419959769E+02   -0.768704166105366426E+03
    0.147980722568689771E+04    0.277169956658711714E+01    0.197716304589473424E+02   -0.768691227609786779E+03
    0.148106737738196603E+04    0.271057966221305247E+01    0.201817651433021013E+02   -0.768678889571953960E+03
    0.148102561590734217E+04    0.272745034571394607E+01    0.192029628745016936E+02   -0.768649897150924744E+03
    0.148062186102053647E+04    0.270929341692147219E+01    0.208457273165016517E+02   -0.768638705622112184E+03
    0.147837704652521484E+04    0.277369318043134383E+01    0.202870823150711317E+02   -0.768624856087927583E+03
    0.147819779457977643E+04    0.274399712778155180E+01    0.219660426341701935E+02   -0.768534088358669123E+03
    0.148188676113030510E+04    0.272354899685383467E+01    0.220547977671084112E+02   -0.768524679167963086E+03
    0.148249149344230523E+04    0.274815693959647067E+01    0.210222724141923010E+02   -0.768502074070486970E+03
    0.147895992123209726E+04    0.277636649207037234E+01    0.211111393201059485E+02   -0.768491454242005261E+03
    0.148201834080327262E+04    0.271266742526437499E+01    0.210190122569661639E+02   -0.768391585853692504E+03
    0.147931358768728796E+04    0.277092812461751592E+01    0.217497711580211757E+02   -0.768389504612200540E+03
    0.148192547524197380E+04    0.272250166076026057E+01    0.219351524961450792E+02   -0.768383697748966142E+03
    0.147914850725496512E+04    0.271682709034237480E+01    0.206080274231816389E+02   -0.768380513745860640E+03
    0.148245857436895540E+04    0.272509539971128412E+01    0.199488527363792514E+02   -0.768376707957824806E+03
    0.147775077434757804E+04    0.275226297679057730E+01    0.200345150615696355E+02   -0.768354850666425477E+03
    0.148262857776150372E+04    0.272127037124194437E+01    0.213293880425887323E+02   -0.768322783528187983E+03
    0.148064372255352487E+04    0.271147238468823071E+01    0.208954387482966268E+02   -0.768258650569358906E+03
    0.147894728796270351E+04    0.272902482088072906E+01    0.219006422822107965E+02   -0.768244620522377431E+03
    0.148106180077144336E+04    0.271225491952712927E+01    0.203919839756309358E+02   -0.768221448740374854E+03
    0.148112107499740591E+04    0.271998809751537340E+01    0.219305251215980519E+02   -0.768216438524258592E+03
    0.147931593448410786E+04    0.272288937903335659E+01    0.197706442576967731E+02   -0.768216014078809394E+03
    0.147950504932138711E+04    0.275205487992739650E+01    0.223651402202906553E+02   -0.768198703939688471E+03
    0.148038270533274704E+04    0.271248464367335185E+01    0.209806716669155549E+02   -0.768193476337671200E+03
    0.147962436889302717E+04    0.271811223013175374E+01    0.214885936208697927E+02   -0.768190580697084670E+03
    0.147856989305991647E+04    0.274381565660748983E+01    0.220189622527598772E+02   -0.768103565585630804E+03
    0.147946655587251553E+04    0.275510227714837441E+01    0.222613439225324043E+02   -0.768058844140043902E+03
    0.148237123542879067E+04    0.273101888429940587E+01    0.200091324184967050E+02   -0.768036700815371205E+03
    0.147966209316967752E+04    0.272002415676643405E+01    0.215918935429930059E+02   -0.768035403978116847E+03
    0.148001474427954781E+04    0.276901140591757144E+01    0.200287974981932422E+02   -0.768028197165822576E+03
    0.148182446246332916E+04    0.271487196678811227E+01    0.210731576219555592E+02   -0.768017561677349249E+03
    0.147851282427549722E+04    0.277078373709520864E+01    0.209951641583598985E+02   -0.768007302244431685E+03
    0.148052548830279875E+04    0.276304982406607902E+01    0.217887200290437733E+02   -0.767938633521971042E+03
    0.148149828833902734E+04    0.275955834513020637E+01    0.208500255227954483E+02   -0.767937289625543599E+03
    0.148195585225051809E+04    0.272005861402820415E+01    0.215149324230923753E+02   -0.767935015970969971E+03
    0.148204145593756562E+04    0.275091906653009044E+01    0.206041277905272295E+02   -0.767929701871435213E+03
    0.148204145593756562E+04    0.275091906653009044E+01    0.206041277905272295E+02   -0.767929701871435213E+03
    0.148182224628988843E+04    0.275329448880816186E+01    0.203813988335998886E+02   -0.767919924628485660E+03
    0.147821240725172242E+04    0.273622213283660898E+01    0.200668346912963074E+02   -0.767911255171615835E+03
    0.147821240725172242E+04    0.273622213283660898E+01    0.200668346912963074E+02   -0.767911255171615835E+03
    0.148061814337461828E+04    0.271530851691958164E+01    0.202456329174996057E+02   -0.767904287328748296E+03
    0.147884369487214508E+04    0.275153031589384289E+01    0.220654789255573434E+02   -0.767880108070556616E+03
    0.148052035726773943E+04    0.274136119613816387E+01    0.223314290098016244E+02   -0.767853505706902979E+03
    0.148050960233760270E+04    0.276826061839929949E+01    0.205763303752201949E+02   -0.767849954793904999E+03
    0.148105551124683916E+04    0.276369359307085771E+01    0.209817482468450862E+02   -0.767835456731937484E+03
    0.147870418890246128E+04    0.273609307842645411E+01    0.218215231198518325E+02   -0.767835224990986035E+03
    0.148219483183212469E+04    0.272438998752072248E+01    0.214941409750667844E+02   -0.767817012052948257E+03
    0.148074788821635616E+04    0.274614791571572336E+01    0.222573984676349426E+02   -0.767814232271556421E+03
    0.148074788821635616E+04    0.274614791571572336E+01    0.222573984676349426E+02   -0.767814232271556421E+03
    0.148162355275069785E+04    0.273909716320328966E+01    0.220195833580416007E+02   -0.767796914498022602E+03
    0.148162355275069785E+04    0.273909716320328966E+01    0.220195833580416007E+02   -0.767796914498022602E+03
    0.147979055265681041E+04    0.276572592494213776E+01    0.217409588653399055E+02   -0.767778684876208445E+03
    0.148058473416813240E+04    0.274557635751011331E+01    0.222783137793342974E+02   -0.767778291662711354E+03
    0.148227979879979125E+04    0.272906901531300061E+01    0.201419529695581616E+02   -0.767763458623110068E+03
    0.148010626601448234E+04    0.275279816677547506E+01    0.193916557386568371E+02   -0.767728404739531470E+03
    0.147840319952546179E+04    0.276264969141798034E+01    0.200995664367190443E+02   -0.767724343088056912E+03
    0.147840319952546179E+04    0.276264969141798034E+01    0.200995664367190443E+02   -0.767724343088056912E+03
    0.147840361972068899E+04    0.275774184977569581E+01    0.216180929866651752E+02   -0.767715151641703869E+03
    0.148098296496210446E+04    0.275351085138261675E+01    0.219383666099243584E+02   -0.767682450970799437E+03
    0.147973902218144849E+04    0.272226123312191248E+01    0.215808521639188484E+02   -0.767674302777468597E+03
    0.147952071113688862E+04    0.273625019533896063E+01    0.194227516186382161E+02   -0.767672976486020616E+03
    0.147842884657980176E+04    0.275356745057106167E+01    0.198075941717027462E+02   -0.767669738453315404E+03
    0.147842884657980176E+04    0.275356745057106167E+01    0.198075941717027462E+02   -0.767669738453315404E+03
    0.147920273321996001E+04    0.274514596201088912E+01    0.220996383677553183E+02   -0.767604362058741799E+03
    0.147959005192651011E+04    0.272007019165003161E+01    0.211524590367787368E+02   -0.767601004050513211E+03
    0.147954990258309954E+04    0.276866482223026589E+01    0.213419470716001740E+02   -0.767569303625005318E+03
    0.148198681688103261E+04    0.274762408743969777E+01    0.205936770578408073E+02   -0.767538027735549008E+03
    0.148139983459403720E+04    0.272663216505257555E+01    0.197990081372704907E+02   -0.767525182479277873E+03
    0.148139983459403720E+04    0.272663216505257555E+01    0.197990081372704907E+02   -0.767525182479277873E+03
    0.148177243625575807E+04    0.274022519463947845E+01    0.198954716765351804E+02   -0.767516470541668468E+03
    0.148216432691507703E+04    0.273764397422599348E+01    0.202747247699696800E+02   -0.767494334319039353E+03
    0.147905791269773272E+04    0.272880141476424987E+01    0.215258710599883756E+02   -0.767489239949452781E+03
    0.148175329463024536E+04    0.272008678650595126E+01    0.212027141507296477E+02   -0.767488961211178321E+03
    0.148175329463024536E+04    0.272008678650595126E+01    0.212027141507296477E+02   -0.767488961211178321E+03
    0.147965315324929043E+04    0.272316574875334050E+01    0.200536537663286651E+02   -0.767482754885932650E+03
    0.148160638148666271E+04    0.272483580454214591E+01    0.199929418301206425E+02   -0.767466012788000171E+03
    0.148164996240212145E+04    0.274895689482306871E+01    0.214851136956119007E+02   -0.767431559116624385E+03
    0.148054937509706178E+04    0.275598947645642367E+01    0.218832074588147805E+02   -0.767427068810467063E+03
    0.148054937509706178E+04    0.275598947645642367E+01    0.218832074588147805E+02   -0.767427068810467063E+03
    0.147910769185297477E+04    0.272685550156395085E+01    0.201492746214415348E+02   -0.767423887794863504E+03
    0.147910769185297477E+04    0.272685550156395085E+01    0.201492746214415348E+02   -0.767423887794863504E+03
    0.148070116728203402E+04    0.276401710875657347E+01    0.208861279313753698E+02   -0.767423230491636446E+03
    0.148105003617204443E+04    0.275539284476912982E+01    0.216114698713289357E+02   -0.767376810967742699E+03
    0.148216368058768512E+04    0.273885499843700764E+01    0.204725296268344295E+02   -0.767374120484719583E+03
    0.148216368058768512E+04    0.273885499843700764E+01    0.204725296268344295E+02   -0.767374120484719583E+03
    0.147893018102337601E+04    0.273393843053383367E+01    0.198858913413434379E+02   -0.767356868377401042E+03
    0.147893018102337601E+04    0.273393843053383367E+01    0.198858913413434379E+02   -0.767356868377401042E+03
    0.147966329657881465E+04    0.275895644146507868E+01    0.218519528852051224E+02   -0.767339064610288119E+03
    0.147880172047677524E+04    0.276618510466145384E+01    0.210566402947891049E+02   -0.767334602564196075E+03
    0.148010678248500108E+04    0.276272989396116975E+01    0.200203063954720335E+02   -0.767332187225946996E+03
    0.148010678248500108E+04    0.276272989396116975E+01    0.200203063954720335E+02   -0.767332187225946996E+03
    0.148108703471551144E+04    0.274411392906801765E+01    0.219639162031134703E+02   -0.767311605993491412E+03
    0.148108703471551144E+04    0.274411392906801765E+01    0.219639162031134703E+02   -0.767311605993491412E+03
    0.147918022440910181E+04    0.273341031147744351E+01    0.217310111246346906E+02   -0.767309313608988987E+03
    0.148014063477073887E+04    0.275961356512210276E+01    0.198461215248961054E+02   -0.767304026357399152E+03
    0.147838950932573562E+04    0.275043043016537681E+01    0.200564419034616463E+02   -0.767295538548640479E+03
    0.147838950932573562E+04    0.275043043016537681E+01    0.200564419034616463E+02   -0.767295538548640479E+03
    0.148143096383399734E+04    0.272686759142187407E+01    0.216735188207572378E+02   -0.767292708156619256E+03
    0.147944480856650353E+04    0.273223990988389343E+01    0.217973069767643182E+02   -0.767283979721601554E+03
    0.147870191293971538E+04    0.273331225915345044E+01    0.201935214759192831E+02   -0.767268380109035661E+03
    0.148031026977414172E+04    0.273883604519674861E+01    0.220935487555119039E+02   -0.767264697650974995E+03
    0.148011862726497930E+04    0.272999954370116704E+01    0.196765731731044013E+02   -0.767255410452223487E+03
    0.148033769233202634E+04    0.272381014110995423E+01    0.199583291583141715E+02   -0.767255089848689067E+03
    0.148070742052997275E+04    0.272657335380604504E+01    0.198076031479222223E+02   -0.767245981008974127E+03
    0.148121314341838615E+04    0.273456137149959666E+01    0.197191437979666375E+02   -0.767237969820917669E+03
    0.147865044059558295E+04    0.273668482648916900E+01    0.214144012282626335E+02   -0.767233230286176649E+03
    0.148099861115353747E+04    0.274606877909215674E+01    0.219240622902649562E+02   -0.767232446233606652E+03
    0.148080657993409795E+04    0.275297411406344583E+01    0.198348387238103783E+02   -0.767231071638048206E+03
    0.148078133897121779E+04    0.272924307757526163E+01    0.218644250048478170E+02   -0.767224905153596183E+03
    0.147885348344937779E+04    0.273513843537176538E+01    0.199868794219120787E+02   -0.767213495626468784E+03
    0.148056966127649321E+04    0.276037613992837372E+01    0.201909572617241224E+02   -0.767198989524643594E+03
    0.148056966127649321E+04    0.276037613992837372E+01    0.201909572617241224E+02   -0.767198989524643594E+03
    0.148204248757899586E+04    0.273052519856704423E+01    0.212381772220943361E+02   -0.767182304640381062E+03
    0.148204248757899586E+04    0.273052519856704423E+01    0.212381772220943361E+02   -0.767182304640381062E+03
    0.148208891325509853E+04    0.273301333147944225E+01    0.204603298146255383E+02   -0.767181670635207411E+03
    0.147935429634193838E+04    0.275836165034082548E+01    0.198284406941023263E+02   -0.767158970749064679E+03
    0.147863869579269908E+04    0.275995018290855532E+01    0.202438984932782944E+02   -0.767154819544593806E+03
    0.147915263914792968E+04    0.275128431384482575E+01    0.196993452397231152E+02   -0.767148890897951105E+03
    0.148139525721082282E+04    0.275398419486740220E+01    0.208065095369863684E+02   -0.767146334230962339E+03
    0.148181979151426162E+04    0.274630236395787497E+01    0.209627803981069292E+02   -0.767139370546444297E+03
    0.148170384502162233E+04    0.274873427762068889E+01    0.208481102350355485E+02   -0.767129981970353697E+03
    0.148044486968231604E+04    0.276335698190183443E+01    0.210012754492454405E+02   -0.767124077900823863E+03
    0.148102862528044830E+04    0.275804714013279240E+01    0.206243646881994636E+02   -0.767121402639525741E+03
    0.148102862528044830E+04    0.275804714013279240E+01    0.206243646881994636E+02   -0.767121402639525741E+03
    0.147940122903053134E+04    0.276679023952350445E+01    0.209696379505375887E+02   -0.767120016410726066E+03
    0.147861734187317120E+04    0.275860352299238976E+01    0.202316337197824652E+02   -0.767109106972990276E+03
    0.148013950688332352E+04    0.276076698791237263E+01    0.215366982592844636E+02   -0.767083489031508748E+03
    0.148013950688332352E+04    0.276076698791237263E+01    0.215366982592844636E+02   -0.767083489031508748E+03
    0.148109875197990550E+04    0.272368162709593964E+01    0.201875977652627512E+02   -0.767039064923770638E+03
    0.147854743813398227E+04    0.273794905524948762E+01    0.211256667979549349E+02   -0.767030553452210029E+03
    0.147850036447131970E+04    0.274270875261941782E+01    0.212632383618040421E+02   -0.767016314913630254E+03
    0.147902692777113475E+04    0.274845462131972385E+01    0.217422026381179023E+02   -0.767015628154258479E+03
    0.148075222406628768E+04    0.273701238651494672E+01    0.219242595132455449E+02   -0.767014749490649820E+03
    0.148075222406628768E+04    0.273701238651494672E+01    0.219242595132455449E+02   -0.767014749490649820E+03
    0.147898493998545678E+04    0.274768725390186663E+01    0.198087491117073284E+02   -0.767012018936923937E+03
    0.148151485692138431E+04    0.273982182621200110E+01    0.200324779178608878E+02   -0.766998795944803987E+03
    0.148054794897880993E+04    0.275572959957763919E+01    0.216306351641168959E+02   -0.766992848867853354E+03
    0.147899701010774106E+04    0.272990350670293935E+01    0.205440529425585225E+02   -0.766957244531859942E+03
    0.148071496319228254E+04    0.273910785493275366E+01    0.219134503663143079E+02   -0.766952321784251126E+03
    0.147959837468723458E+04    0.276251981228586452E+01    0.213744561822454244E+02   -0.766951185237185200E+03
    0.147863521281303906E+04    0.275617458654282332E+01    0.212626565258527478E+02   -0.766948733239260264E+03
    0.147879755097461043E+04    0.275180234289436720E+01    0.199969678119887817E+02   -0.766944451319053201E+03
    0.147879755097461043E+04    0.275180234289436720E+01    0.199969678119887817E+02   -0.766944451319053201E+03
    0.147847832955699300E+04    0.275674501380530002E+01    0.206104297243102650E+02   -0.766939587804641860E+03
    0.147847832955699300E+04    0.275674501380530002E+01    0.206104297243102650E+02   -0.766939587804641860E+03
    0.147969806020590499E+04    0.273396100291777921E+01    0.197962617864616846E+02   -0.766925075585083391E+03
    0.147969806020590499E+04    0.273396100291777921E+01    0.197962617864616846E+02   -0.766925075585083391E+03
    0.148193867145500781E+04    0.273553092102027806E+01    0.206204665887575374E+02   -0.766919682324553833E+03
    0.148193867145500781E+04    0.273553092102027806E+01    0.206204665887575374E+02   -0.766919682324553833E+03
    0.148149873242140711E+04    0.272691071796627060E+01    0.202901288745744210E+02   -0.766914827976380820E+03
    0.148149873242140711E+04    0.272691071796627060E+01    0.202901288745744210E+02   -0.766914827976380820E+03
    0.148065582445397877E+04    0.275415482067441175E+01    0.200171624216844322E+02   -0.766914347029440933E+03
    0.147845031877936822E+04    0.275400699246788161E+01    0.205584899097523248E+02   -0.766890252404689363E+03
    0.148137928504658385E+04    0.272958290711833840E+01    0.215047952551956030E+02   -0.766886767089868272E+03
    0.148137928504658385E+04    0.272958290711833840E+01    0.215047952551956030E+02   -0.766886767089868272E+03
    0.147938038160058250E+04    0.273563904131742808E+01    0.198810152187694200E+02   -0.766873820820680521E+03
    0.147938038160058250E+04    0.273563904131742808E+01    0.198810152187694200E+02   -0.766873820820680521E+03
    0.148062176622413403E+04    0.274462771755716828E+01    0.218715897456866344E+02   -0.766871022499190872E+03
    0.148027020932418918E+04    0.276218026599397826E+01    0.207334835526844472E+02   -0.766839379953468892E+03
    0.148155977976722602E+04    0.274723512131136172E+01    0.207116061164471290E+02   -0.766835946130437947E+03
    0.147926179820958805E+04    0.276150117165389819E+01    0.212733613958443470E+02   -0.766834630867105375E+03
    0.148160344520205763E+04    0.272702424714513603E+01    0.205753914957564206E+02   -0.766795063317902986E+03
    0.148015793987616485E+04    0.272338916946810627E+01    0.209973298384525719E+02   -0.766786097387089967E+03
    0.148015793987616485E+04    0.272338916946810627E+01    0.209973298384525719E+02   -0.766786097387089967E+03
    0.147863387886660939E+04    0.275096721253839682E+01    0.212430876865982157E+02   -0.766783499105672263E+03
    0.148150599559857687E+04    0.274496774223263129E+01    0.212485490900862430E+02   -0.766781128147240224E+03
    0.148150599559857687E+04    0.274496774223263129E+01    0.212485490900862430E+02   -0.766781128147240224E+03
    0.148044292698708568E+04    0.274805509957074046E+01    0.217994113330586003E+02   -0.766766999450366029E+03
    0.147852799741300919E+04    0.275122399719125488E+01    0.210214046333272506E+02   -0.766762371620757108E+03
    0.148046923129119750E+04    0.274932220663756599E+01    0.217576691768238391E+02   -0.766755298133530346E+03
    0.147860319786466380E+04    0.274188194927619033E+01    0.210518099528520253E+02   -0.766751294712480671E+03
    0.147860319786466380E+04    0.274188194927619033E+01    0.210518099528520253E+02   -0.766751294712480671E+03
    0.148006095000340065E+04    0.272388723643288255E+01    0.206320102591365213E+02   -0.766743041108209241E+03
    0.148006095000340065E+04    0.272388723643288255E+01    0.206320102591365213E+02   -0.766743041108209241E+03
    0.147874827911577518E+04    0.273650317247692643E+01    0.206154182682230385E+02   -0.766741579184520901E+03
    0.148085244696530071E+04    0.272307249128581708E+01    0.206052384451149493E+02   -0.766738566819836592E+03
    0.148136417546247640E+04    0.274046185836438827E+01    0.214948549804915956E+02   -0.766716689108021001E+03
    0.147905845033707283E+04    0.273908247403987248E+01    0.214631911696266116E+02   -0.766716413310912799E+03
    0.147947052209944968E+04    0.274878336733299466E+01    0.217279861131204797E+02   -0.766707742505347142E+03
    0.147947052209944968E+04    0.274878336733299466E+01    0.217279861131204797E+02   -0.766707742505347142E+03
    0.148113092969681884E+04    0.275268149620333791E+01    0.209223086828110638E+02   -0.766707072356799472E+03
    0.147913125257012439E+04    0.275083472548632280E+01    0.215745597144489523E+02   -0.766706389825366159E+03
    0.147913125257012439E+04    0.275083472548632280E+01    0.215745597144489523E+02   -0.766706389825366159E+03
    0.147973656945997277E+04    0.274837978074932998E+01    0.217839221546961710E+02   -0.766704836288716933E+03
    0.148099747768359975E+04    0.273169986745558102E+01    0.200210830484092099E+02   -0.766700260754854980E+03
    0.148099747768359975E+04    0.273169986745558102E+01    0.200210830484092099E+02   -0.766700260754854980E+03
    0.148026509277777927E+04    0.273650075392192660E+01    0.217778550912794771E+02   -0.766689187633525876E+03
    0.147888001203763042E+04    0.275918102148872135E+01    0.206308560420986851E+02   -0.766681459193613023E+03
    0.148174072080986912E+04    0.273636014453678822E+01    0.206851248023070440E+02   -0.766672982028369688E+03
    0.147890744551378839E+04    0.274003992973804333E+01    0.213238023836314028E+02   -0.766672434769516485E+03
    0.147959729745061509E+04    0.272863029118171063E+01    0.203426760441723076E+02   -0.766671337947247821E+03
    0.148073709469304254E+04    0.272335348889490181E+01    0.208394136593616821E+02   -0.766671088221661876E+03
    0.148000696608127623E+04    0.273676758833528266E+01    0.198254878570622850E+02   -0.766654230463542717E+03
    0.148077378705331421E+04    0.274951257696674212E+01    0.200538099962925429E+02   -0.766653306964335343E+03
    0.147954057531981152E+04    0.273409388022133593E+01    0.200219322754310127E+02   -0.766651283086861895E+03
    0.147954057531981152E+04    0.273409388022133593E+01    0.200219322754310127E+02   -0.766651283086861895E+03
    0.147945711829150696E+04    0.275665030103074837E+01    0.214780428876061791E+02   -0.766650505258362500E+03
    0.147892248392666033E+04    0.274435134052211893E+01    0.214154239443956840E+02   -0.766648780902256703E+03
    0.148062685334474918E+04    0.275397171890600134E+01    0.214154130840252748E+02   -0.766647922298140202E+03
    0.148079643929371196E+04    0.275567407625471894E+01    0.206072819008966945E+02   -0.766647802760052969E+03
    0.148065642535500501E+04    0.273987923428642510E+01    0.198472748523904130E+02   -0.766641581412778237E+03
    0.147966955607343834E+04    0.274856841115827910E+01    0.198349512686651650E+02   -0.766635573917585816E+03
    0.147961625487041624E+04    0.276166614804841526E+01    0.205582572750983275E+02   -0.766624147418816619E+03
    0.148032007519783838E+04    0.275482948026833174E+01    0.214794093338223320E+02   -0.766605035070615713E+03
    0.147997153209003386E+04    0.274125527218717568E+01    0.217691104580639063E+02   -0.766600756686779050E+03
    0.148051830032305043E+04    0.273022690844810523E+01    0.215278684683816408E+02   -0.766600528210635161E+03
    0.147999435971974435E+04    0.272854862816806332E+01    0.213243831781589961E+02   -0.766583975770077473E+03
    0.148003538306371456E+04    0.275831062857022902E+01    0.202938879219426269E+02   -0.766581752079210901E+03
    0.148094024465522034E+04    0.273627955161679948E+01    0.199996586755996333E+02   -0.766573809992693896E+03
    0.147894165444606824E+04    0.274434897513403353E+01    0.213615765663221850E+02   -0.766569964730509355E+03
    0.147873530407212593E+04    0.275168579341528652E+01    0.204456484978907866E+02   -0.766569465997499947E+03
    0.147873530407212593E+04    0.275168579341528652E+01    0.204456484978907866E+02   -0.766569465997499947E+03
    0.147872795712502352E+04    0.274380696436242433E+01    0.204400762307516999E+02   -0.766565715715204988E+03
    0.147984764066922003E+04    0.273441147728831435E+01    0.215711598666113389E+02   -0.766546215453302921E+03
    0.147972421512883739E+04    0.272873187354188529E+01    0.204043564044595485E+02   -0.766544416460737352E+03
    0.148053496562918690E+04    0.273360837548857605E+01    0.216097147264648299E+02   -0.766537146462500573E+03
    0.147950141166578123E+04    0.275029944979472818E+01    0.215947673369444715E+02   -0.766520806357411630E+03
    0.147945280665928522E+04    0.273012786074754832E+01    0.209503132579962141E+02   -0.766514768560749872E+03
    0.148158860726818148E+04    0.273744368448845732E+01    0.209201193109504544E+02   -0.766509548405923624E+03
    0.148140811241072925E+04    0.272926100336598720E+01    0.208357899048848196E+02   -0.766497672700483918E+03
    0.148059807481975417E+04    0.274775140245549077E+01    0.215684531832745563E+02   -0.766468239777584699E+03
    0.147996081731043068E+04    0.272989457283537229E+01    0.212968760779228035E+02   -0.766465829278679962E+03
    0.148133064594810753E+04    0.273092495168501914E+01    0.211258225049974442E+02   -0.766464577651767399E+03
    0.147898495193128383E+04    0.275651287431246894E+01    0.206448900627513865E+02   -0.766455584184218765E+03
    0.148141382066777442E+04    0.273533090201673534E+01    0.211820274644962296E+02   -0.766455031356863174E+03
    0.147989830205299927E+04    0.275865254014902428E+01    0.204609554413156047E+02   -0.766450249640130551E+03
    0.147958833162501242E+04    0.273131370334564583E+01    0.211726487328568425E+02   -0.766447849787207815E+03
    0.147998415299150179E+04    0.272910629084354861E+01    0.203446938701245585E+02   -0.766442525177398920E+03
    0.148052727463817769E+04    0.272908108639289004E+01    0.202607726959777068E+02   -0.766440066923029917E+03
    0.148085174829689049E+04    0.272734949300085061E+01    0.210897519140144567E+02   -0.766431652733243823E+03
    0.148096564721171217E+04    0.275135280248667158E+01    0.208318838144857352E+02   -0.766428641119459030E+03
    0.147967275559952941E+04    0.273741695908743532E+01    0.200248583334303731E+02   -0.766425632570569860E+03
    0.147919812191970277E+04    0.275830822807906895E+01    0.207159417829183496E+02   -0.766423259698456036E+03
    0.148138702233250365E+04    0.273711336888185697E+01    0.211496502856787032E+02   -0.766404353082131593E+03
    0.147924993733504243E+04    0.274509080552104345E+01    0.200989298878723019E+02   -0.766399143678973246E+03
    0.148118536362898203E+04    0.273064171633495967E+01    0.211290872753407939E+02   -0.766391920520306485E+03
    0.147950050010340101E+04    0.274508665219481340E+01    0.200032963713426568E+02   -0.766390682539077261E+03
    0.148033444783749724E+04    0.273619271555699717E+01    0.200002712437888022E+02   -0.766388402758671646E+03
    0.147941057936732886E+04    0.275746100976919850E+01    0.204532361544793844E+02   -0.766383429194207793E+03
    0.148042051421490737E+04    0.274970082933926907E+01    0.201067861126798704E+02   -0.766381006411319959E+03
    0.147979926461992886E+04    0.275199702173782113E+01    0.214949517926459066E+02   -0.766374788547914136E+03
    0.147971690989952413E+04    0.274732041931503801E+01    0.215845292227122343E+02   -0.766374731872745770E+03
    0.148039034337529802E+04    0.272721113964524253E+01    0.205762207194502622E+02   -0.766372658833162063E+03
    0.147994391145318082E+04    0.273553899042231308E+01    0.200563174242339528E+02   -0.766369149063451459E+03
    0.148034508057560629E+04    0.273814610238988632E+01    0.199842735302759138E+02   -0.766363914772208545E+03
    0.148129579548621882E+04    0.274272991627800522E+01    0.205832897032687470E+02   -0.766360671873131650E+03
    0.147946577981892983E+04    0.273429425089212508E+01    0.203289167205956005E+02   -0.766359566120163436E+03
    0.147885044771804360E+04    0.275043191577483936E+01    0.206704096071699013E+02   -0.766354417152033193E+03
    0.148000617522272387E+04    0.273246699182138730E+01    0.201935383268355650E+02   -0.766346759774416228E+03
    0.148072647065264073E+04    0.274222658515281115E+01    0.215293268691971065E+02   -0.766344447921495203E+03
    0.147998711852611405E+04    0.274816834237413499E+01    0.215746752199873271E+02   -0.766341594179906679E+03
    0.147948811488349247E+04    0.273908480900086726E+01    0.201180908348218566E+02   -0.766340699920226598E+03
    0.147955018779481134E+04    0.274753767901346579E+01    0.215113762465519898E+02   -0.766333313654178596E+03
    0.148124772355097275E+04    0.273074906402028761E+01    0.207736746640453873E+02   -0.766332862368952192E+03
    0.148135419187956313E+04    0.274124697874954926E+01    0.208234893469368103E+02   -0.766328426083590784E+03
    0.148066849946232014E+04    0.274370653656786123E+01    0.215191325133893088E+02   -0.766326101956538650E+03
    0.147973917309186595E+04    0.275392828035528048E+01    0.202160216177852021E+02   -0.766318879231544315E+03
    0.148048747206172584E+04    0.274275202111303074E+01    0.200297307707451893E+02   -0.766312875107071932E+03
    0.148108476417776819E+04    0.273057485323075966E+01    0.205428340345675196E+02   -0.766311709154215350E+03
    0.147943875919171023E+04    0.275484490143429861E+01    0.203968099425674723E+02   -0.766262816825451296E+03
    0.147961309757052118E+04    0.275648385731542556E+01    0.205782882839359900E+02   -0.766226032206797640E+03
    0.147968961061662731E+04    0.275567792473493345E+01    0.209193346237820776E+02   -0.766147303355291797E+03
    0.148035781025115193E+04    0.274507487128570471E+01    0.202266523324078378E+02   -0.766074152645650315E+03
    0.148056601559835735E+04    0.274812730965536822E+01    0.205751491652159046E+02   -0.766007104159116579E+03
    0.148013810127348279E+04    0.272824561918569142E+01    0.207845699136324669E+02   -0.766296021538561718E+03
    0.147973336519708528E+04    0.274654102746090745E+01    0.207259400387266055E+02   -0.765797216161390679E+03
    0.148099014146873151E+04    0.274385573517956560E+01    0.203870818999760388E+02   -0.766241109984689047E+03
    0.147937613284227268E+04    0.274773585202441506E+01    0.210797381567730042E+02   -0.766019262854858539E+03
    0.148061980846522192E+04    0.274151526687118441E+01    0.201166711535308878E+02   -0.766243088544936427E+03
    0.148093013894546334E+04    0.274708191079287323E+01    0.205193023416304356E+02   -0.766230160859064426E+03
    0.148079763078822180E+04    0.274478420697143077E+01    0.206309283252082025E+02   -0.766005390076239109E+03
    0.147972309277806039E+04    0.274880154325569759E+01    0.212936882505932346E+02   -0.766066675889847602E+03
    0.148118007846050932E+04    0.273581882329412718E+01    0.204291983865259255E+02   -0.766282317821370270E+03
    0.148081551166906092E+04    0.273596160124536203E+01    0.204980186674696512E+02   -0.766034941773836181E+03
    0.148058745634787419E+04    0.273301043571407254E+01    0.213781212129551932E+02   -0.766283330333410504E+03
    0.148015625292000209E+04    0.274158610370788169E+01    0.215608020819961155E+02   -0.766257234096143520E+03
    0.147919234401128824E+04    0.274358874570486710E+01    0.205361011697606273E+02   -0.766098835034372087E+03
    0.148019691096979341E+04    0.273869741426558377E+01    0.213311165539164591E+02   -0.766029799700411559E+03
    0.147996434091666811E+04    0.273583802077973992E+01    0.203971759004073334E+02   -0.766016743074923625E+03
    0.148075723481549539E+04    0.273622682143881413E+01    0.203961090410576844E+02   -0.766069277526435940E+03
    0.147941254944695902E+04    0.274801043463531736E+01    0.212995511203599222E+02   -0.766165438985225364E+03
    0.148117210513349073E+04    0.273441326574327581E+01    0.206541688319648244E+02   -0.766194388081707984E+03
    0.148129315570704762E+04    0.274215415092387405E+01    0.207208338223933595E+02   -0.766301624766112127E+03
    0.148057366307272173E+04    0.274562012878799377E+01    0.208861503678228360E+02   -0.765885788711251507E+03
    0.148057366307272173E+04    0.274562012878799377E+01    0.208861503678228360E+02   -0.765885788711251507E+03
    0.148076645971330231E+04    0.273144826822720255E+01    0.203947330833466509E+02   -0.766235434192831462E+03
    0.148008377144343672E+04    0.273458621657358725E+01    0.201354260127868656E+02   -0.766286325864456558E+03
    0.147924288762823198E+04    0.274163318422332436E+01    0.207828045132043826E+02   -0.766048590823717632E+03
    0.148044427122573188E+04    0.274356881090109361E+01    0.205185848591540747E+02   -0.765858585074450048E+03
    0.148010383691424431E+04    0.274944796761925403E+01    0.202790458471274349E+02   -0.766087000396469307E+03
    0.147941410308806894E+04    0.273654334048452164E+01    0.204928551032819541E+02   -0.766171972065910040E+03
    0.147901921478187819E+04    0.274841933382896331E+01    0.206714901960332469E+02   -0.766183715432694271E+03
    0.148079446965794136E+04    0.275097714770595925E+01    0.208322387999062499E+02   -0.766256298745595927E+03
    0.148065326169578088E+04    0.273616794388166484E+01    0.202281556173017805E+02   -0.766177935899871272E+03
    0.147940984576018809E+04    0.274034238580160361E+01    0.203952395319370652E+02   -0.766094956688049706E+03
    0.147979065108467671E+04    0.275072744142307624E+01    0.209628873827206803E+02   -0.765915167616951976E+03
    0.147970490871354423E+04    0.275233969998872663E+01    0.211767348576994010E+02   -0.766093901247674012E+03
    0.148049330190211845E+04    0.273191016332903791E+01    0.207708103243467122E+02   -0.766023225831607988E+03
    0.148099081487304579E+04    0.274580849451891140E+01    0.206843695949156370E+02   -0.766164702416369778E+03
    0.147994096189724269E+04    0.275267168016901564E+01    0.211991356118674190E+02   -0.766116606109342001E+03
    0.147967290077217331E+04    0.274523461000438207E+01    0.212543729728187429E+02   -0.765996345050001310E+03
    0.147981760998431650E+04    0.273818369608480250E+01    0.206067474847204437E+02   -0.765870306194530485E+03
    0.148090612909288188E+04    0.272979333054008055E+01    0.211050154432202817E+02   -0.766301400736770916E+03
    0.148086763972302333E+04    0.274831075777868694E+01    0.205503394577377492E+02   -0.766223851015543005E+03
    0.147982574741123858E+04    0.275276164804070245E+01    0.205279409942384632E+02   -0.766031686379869711E+03
    0.148119968214454002E+04    0.274017046918968799E+01    0.209405483228206180E+02   -0.766185113622596987E+03
    0.147967371411722070E+04    0.275310637318484241E+01    0.206697016016242685E+02   -0.766010124621037448E+03
    0.147967371411722070E+04    0.275310637318484241E+01    0.206697016016242685E+02   -0.766010124621037448E+03
    0.147975765696179360E+04    0.274442282015422112E+01    0.205592454065231465E+02   -0.765816849693177915E+03
    0.147975765696179360E+04    0.274442282015422112E+01    0.205592454065231465E+02   -0.765816849693177915E+03
    0.148054248285254175E+04    0.273301374406408026E+01    0.210937776706623765E+02   -0.766055209286106447E+03
    0.148054248285254175E+04    0.273301374406408026E+01    0.210937776706623765E+02   -0.766055209286106447E+03
    0.147901464200464284E+04    0.274803655133319591E+01    0.211521588104257603E+02   -0.766308681984633836E+03
    0.148035863412254184E+04    0.274363399052256396E+01    0.209814361776770681E+02   -0.765797251529259711E+03
    0.147921653167409158E+04    0.273792472227785488E+01    0.206466729792823571E+02   -0.766199740361750173E+03
    0.148000895626048418E+04    0.274884792088402818E+01    0.208346795168883290E+02   -0.765825210410818045E+03
    0.147907617155410048E+04    0.274486562222042618E+01    0.208615819395894420E+02   -0.766135265016360449E+03
    0.147929697787363079E+04    0.273689694198500266E+01    0.209237740839737398E+02   -0.766192669204314257E+03
    0.148012510599462416E+04    0.273954317527877578E+01    0.202900502174014008E+02   -0.765975728108090948E+03
    0.148011288354317526E+04    0.273825358291932996E+01    0.213666714850317021E+02   -0.766081024543535477E+03
    0.147908413164898479E+04    0.275401431792908236E+01    0.207308813599019146E+02   -0.766266161829957355E+03
    0.148052404809375548E+04    0.274152121389947157E+01    0.208743796076793018E+02   -0.765803336705372772E+03
    0.147918896564137731E+04    0.274807488979370174E+01    0.203397966394241791E+02   -0.766213483614731331E+03
    0.148001548819254504E+04    0.274007292379387835E+01    0.211089203201259039E+02   -0.765849336720933593E+03
    0.147916416401313268E+04    0.275117498072618671E+01    0.204194215186292070E+02   -0.766231508406661078E+03
    0.147983232049973935E+04    0.273020475052090150E+01    0.205227602181199131E+02   -0.766310082100117143E+03
    0.148110728101008976E+04    0.273949976597900768E+01    0.211649563918066690E+02   -0.766202130748848731E+03
    0.148051256749687718E+04    0.273051954458764534E+01    0.205515390508232798E+02   -0.766151436127938950E+03
    0.147947004740315492E+04    0.274179109272039989E+01    0.211572635594621659E+02   -0.766034594306746726E+03
    0.147928702618761645E+04    0.273853882994358910E+01    0.208085118745209741E+02   -0.766110344326127461E+03
    0.148029942499800222E+04    0.272956754086770026E+01    0.211408269343781114E+02   -0.766280469295447119E+03
    0.148008559154654222E+04    0.274071612074679827E+01    0.205816347861180589E+02   -0.765779982146438215E+03
    0.148011400399095919E+04    0.274404715724709680E+01    0.206208895581793996E+02   -0.765762071998948613E+03
    0.148018253584194326E+04    0.274499969627801033E+01    0.204432587819020455E+02   -0.765860449023201681E+03
    0.148069302204064934E+04    0.274115279896753528E+01    0.214086856672832226E+02   -0.766181733966552429E+03
    0.148072006122213043E+04    0.274833237354522986E+01    0.207942524011545800E+02   -0.766060034401198436E+03
    0.148062078952306729E+04    0.275221973705723144E+01    0.211054673168625158E+02   -0.766283359638912771E+03
    0.148069132240576619E+04    0.274757216709299446E+01    0.209658186108893716E+02   -0.766030404526914140E+03
    0.147999458068689637E+04    0.274843826498841581E+01    0.202871331562161998E+02   -0.766033349259863371E+03
    0.147970604526207308E+04    0.275488782023595302E+01    0.208692230726425407E+02   -0.766091414651846890E+03
    0.148075412342482423E+04    0.274363245940677158E+01    0.203841144576182955E+02   -0.766079757991042015E+03
    0.148014603987509190E+04    0.275552681212487460E+01    0.211749864411359994E+02   -0.766308838510768737E+03
    0.148039975805975359E+04    0.274877394123999474E+01    0.204660705068422999E+02   -0.766009249697453924E+03
    0.147987315466063387E+04    0.273600888253948327E+01    0.205972592695691219E+02   -0.765933568811758278E+03
    0.148020013352184060E+04    0.272846280820420262E+01    0.206183280674748630E+02   -0.766288167999208099E+03
    0.148045475995831657E+04    0.274360636365058363E+01    0.202719674983588618E+02   -0.766036771178407889E+03
    0.147946641703937985E+04    0.274274157578865685E+01    0.204692250546119681E+02   -0.765973998653039644E+03
    0.147941926395103656E+04    0.275087874131188048E+01    0.211166436194268670E+02   -0.766083843467484030E+03
    0.148078008734064360E+04    0.274231769513459733E+01    0.203189050092821475E+02   -0.766122748731831734E+03
    0.148104182865468488E+04    0.274539929407253558E+01    0.208687117282986208E+02   -0.766178456062259670E+03
    0.148043898989556033E+04    0.275261996586140478E+01    0.205174531409173255E+02   -0.766196140039685815E+03
    0.147985139642084846E+04    0.274997180116525675E+01    0.205303402798342205E+02   -0.765916638208530458E+03
    0.148117906294842123E+04    0.274144948699351643E+01    0.210156773670583448E+02   -0.766210282096198398E+03
    0.148035503903891527E+04    0.273334116229975344E+01    0.210855026835947257E+02   -0.766025275329870738E+03
    0.148031750378206061E+04    0.273535948058240486E+01    0.201518731372792388E+02   -0.766223501993913942E+03
    0.147968294619351764E+04    0.275376131348160946E+01    0.208672348982591274E+02   -0.766034031768604791E+03
    0.147961096464095294E+04    0.274341683378832624E+01    0.210314059176817381E+02   -0.765877373503951162E+03
    0.147979009249575438E+04    0.274229994303891411E+01    0.214421388949456428E+02   -0.766157231495229894E+03
    0.147992302394824901E+04    0.274236100275125461E+01    0.202968502200307341E+02   -0.765954898485558033E+03
    0.147942848727898763E+04    0.273738757859502568E+01    0.208914945428327457E+02   -0.766070859556503933E+03
    0.147953341468337840E+04    0.274111058929228957E+01    0.210542759157167154E+02   -0.765953669905474044E+03
    0.147964960299910717E+04    0.275816087543717536E+01    0.207116373814664172E+02   -0.766302068953543653E+03
